"Plot Title: 1059642"
"#","Date Time, GMT-07:00","Abs Pres, Pa (LGR S/N: 1059642, SEN S/N: 1059642)","Temp, °C (LGR S/N: 1059642, SEN S/N: 1059642)","Batt, V (LGR S/N: 1059642, SEN S/N: 1059642)","Coupler Detached (LGR S/N: 1059642)","Coupler Attached (LGR S/N: 1059642)","Stopped (LGR S/N: 1059642)","End Of File (LGR S/N: 1059642)"
1,12/02/09 12:00:00 PM,74071,0.343,3.43,Logged,,,
2,12/02/09 12:30:00 PM,74167,0.453,3.43,,,,
3,12/02/09 01:00:00 PM,74262,0.453,3.43,,,,
4,12/02/09 01:30:00 PM,74262,0.563,3.43,,,,
5,12/02/09 02:00:00 PM,74207,0.563,3.43,,,,
6,12/02/09 02:30:00 PM,74207,0.674,3.43,,,,
7,12/02/09 03:00:00 PM,74207,0.674,3.43,,,,
8,12/02/09 03:30:00 PM,74207,0.674,3.43,,,,
9,12/02/09 04:00:00 PM,74193,0.674,3.43,,,,
10,12/02/09 04:30:00 PM,74234,0.674,3.43,,,,
11,12/02/09 05:00:00 PM,74207,0.674,3.43,,,,
12,12/02/09 05:30:00 PM,74207,0.674,3.43,,,,
13,12/02/09 06:00:00 PM,74234,0.674,3.43,,,,
14,12/02/09 06:30:00 PM,74262,0.674,3.43,,,,
15,12/02/09 07:00:00 PM,74289,0.674,3.43,,,,
16,12/02/09 07:30:00 PM,74289,0.563,3.43,,,,
17,12/02/09 08:00:00 PM,74303,0.563,3.43,,,,
18,12/02/09 08:30:00 PM,74317,0.563,3.43,,,,
19,12/02/09 09:00:00 PM,74303,0.563,3.43,,,,
20,12/02/09 09:30:00 PM,74289,0.563,3.43,,,,
21,12/02/09 10:00:00 PM,74303,0.563,3.43,,,,
22,12/02/09 10:30:00 PM,74289,0.563,3.43,,,,
23,12/02/09 11:00:00 PM,74289,0.563,3.43,,,,
24,12/02/09 11:30:00 PM,74303,0.563,3.43,,,,
25,12/03/09 12:00:00 AM,74290,0.453,3.43,,,,
26,12/03/09 12:30:00 AM,74317,0.453,3.43,,,,
27,12/03/09 01:00:00 AM,74317,0.453,3.43,,,,
28,12/03/09 01:30:00 AM,74345,0.453,3.43,,,,
29,12/03/09 02:00:00 AM,74358,0.453,3.43,,,,
30,12/03/09 02:30:00 AM,74345,0.453,3.43,,,,
31,12/03/09 03:00:00 AM,74358,0.453,3.43,,,,
32,12/03/09 03:30:00 AM,74331,0.453,3.43,,,,
33,12/03/09 04:00:00 AM,74345,0.453,3.43,,,,
34,12/03/09 04:30:00 AM,74331,0.453,3.43,,,,
35,12/03/09 05:00:00 AM,74331,0.453,3.43,,,,
36,12/03/09 05:30:00 AM,74345,0.453,3.43,,,,
37,12/03/09 06:00:00 AM,74372,0.453,3.43,,,,
38,12/03/09 06:30:00 AM,74399,0.453,3.43,,,,
39,12/03/09 07:00:00 AM,74440,0.453,3.43,,,,
40,12/03/09 07:30:00 AM,74454,0.453,3.43,,,,
41,12/03/09 08:00:00 AM,74481,0.453,3.43,,,,
42,12/03/09 08:30:00 AM,74496,0.343,3.43,,,,
43,12/03/09 09:00:00 AM,74537,0.343,3.43,,,,
44,12/03/09 09:30:00 AM,74550,0.343,3.43,,,,
45,12/03/09 10:00:00 AM,74550,0.343,3.43,,,,
46,12/03/09 10:30:00 AM,74550,0.343,3.43,,,,
47,12/03/09 11:00:00 AM,74496,0.343,3.43,,,,
48,12/03/09 11:30:00 AM,74468,0.343,3.43,,,,
49,12/03/09 12:00:00 PM,74468,0.343,3.43,,,,
50,12/03/09 12:30:00 PM,74537,0.343,3.43,,,,
51,12/03/09 01:00:00 PM,74605,0.343,3.43,,,,
52,12/03/09 01:30:00 PM,74715,0.343,3.43,,,,
53,12/03/09 02:00:00 PM,74797,0.343,3.43,,,,
54,12/03/09 02:30:00 PM,74920,0.343,3.43,,,,
55,12/03/09 03:00:00 PM,75029,0.343,3.43,,,,
56,12/03/09 03:30:00 PM,75153,0.343,3.43,,,,
57,12/03/09 04:00:00 PM,75249,0.343,3.43,,,,
58,12/03/09 04:30:00 PM,75331,0.343,3.43,,,,
59,12/03/09 05:00:00 PM,75399,0.343,3.43,,,,
60,12/03/09 05:30:00 PM,75454,0.343,3.43,,,,
61,12/03/09 06:00:00 PM,75495,0.343,3.43,,,,
62,12/03/09 06:30:00 PM,75468,0.343,3.43,,,,
63,12/03/09 07:00:00 PM,75372,0.343,3.43,,,,
64,12/03/09 07:30:00 PM,75290,0.343,3.43,,,,
65,12/03/09 08:00:00 PM,75166,0.453,3.43,,,,
66,12/03/09 08:30:00 PM,75098,0.453,3.43,,,,
67,12/03/09 09:00:00 PM,75029,0.453,3.43,,,,
68,12/03/09 09:30:00 PM,75002,0.453,3.43,,,,
69,12/03/09 10:00:00 PM,74906,0.453,3.43,,,,
70,12/03/09 10:30:00 PM,74920,0.453,3.43,,,,
71,12/03/09 11:00:00 PM,74947,0.453,3.43,,,,
72,12/03/09 11:30:00 PM,74947,0.453,3.43,,,,
73,12/04/09 12:00:00 AM,74933,0.453,3.43,,,,
74,12/04/09 12:30:00 AM,74933,0.453,3.43,,,,
75,12/04/09 01:00:00 AM,74947,0.453,3.43,,,,
76,12/04/09 01:30:00 AM,75002,0.453,3.43,,,,
77,12/04/09 02:00:00 AM,75029,0.343,3.43,,,,
78,12/04/09 02:30:00 AM,74988,0.343,3.43,,,,
79,12/04/09 03:00:00 AM,74988,0.453,3.43,,,,
80,12/04/09 03:30:00 AM,75029,0.343,3.43,,,,
81,12/04/09 04:00:00 AM,75112,0.343,3.43,,,,
82,12/04/09 04:30:00 AM,75221,0.343,3.43,,,,
83,12/04/09 05:00:00 AM,75194,0.343,3.43,,,,
84,12/04/09 05:30:00 AM,75317,0.343,3.43,,,,
85,12/04/09 06:00:00 AM,75385,0.343,3.43,,,,
86,12/04/09 06:30:00 AM,75427,0.343,3.43,,,,
87,12/04/09 07:00:00 AM,75509,0.343,3.43,,,,
88,12/04/09 07:30:00 AM,75468,0.343,3.43,,,,
89,12/04/09 08:00:00 AM,75317,0.343,3.43,,,,
90,12/04/09 08:30:00 AM,74906,0.343,3.43,,,,
91,12/04/09 09:00:00 AM,74769,0.343,3.43,,,,
92,12/04/09 09:30:00 AM,74728,0.343,3.43,,,,
93,12/04/09 10:00:00 AM,74838,0.343,3.43,,,,
94,12/04/09 10:30:00 AM,74920,0.343,3.43,,,,
95,12/04/09 11:00:00 AM,75563,0.343,3.43,,,,
96,12/04/09 11:30:00 AM,76111,0.343,3.43,,,,
97,12/04/09 12:00:00 PM,75741,0.343,3.43,,,,
98,12/04/09 12:30:00 PM,75153,0.343,3.43,,,,
99,12/04/09 01:00:00 PM,75029,0.343,3.43,,,,
100,12/04/09 01:30:00 PM,74797,0.343,3.43,,,,
101,12/04/09 02:00:00 PM,74509,0.343,3.43,,,,
102,12/04/09 02:30:00 PM,74290,0.343,3.43,,,,
103,12/04/09 03:00:00 PM,74071,0.343,3.43,,,,
104,12/04/09 03:30:00 PM,73976,0.232,3.43,,,,
105,12/04/09 04:00:00 PM,73907,0.232,3.43,,,,
106,12/04/09 04:30:00 PM,73866,0.232,3.43,,,,
107,12/04/09 05:00:00 PM,73907,0.232,3.43,,,,
108,12/04/09 05:30:00 PM,73866,0.232,3.43,,,,
109,12/04/09 06:00:00 PM,73798,0.232,3.43,,,,
110,12/04/09 06:30:00 PM,73811,0.343,3.43,,,,
111,12/04/09 07:00:00 PM,73743,0.343,3.43,,,,
112,12/04/09 07:30:00 PM,73770,0.232,3.43,,,,
113,12/04/09 08:00:00 PM,73757,0.232,3.43,,,,
114,12/04/09 08:30:00 PM,73757,0.232,3.43,,,,
115,12/04/09 09:00:00 PM,73757,0.232,3.43,,,,
116,12/04/09 09:30:00 PM,73729,0.232,3.43,,,,
117,12/04/09 10:00:00 PM,73743,0.232,3.43,,,,
118,12/04/09 10:30:00 PM,73729,0.232,3.43,,,,
119,12/04/09 11:00:00 PM,73729,0.232,3.43,,,,
120,12/04/09 11:30:00 PM,73688,0.232,3.43,,,,
121,12/05/09 12:00:00 AM,73661,0.232,3.43,,,,
122,12/05/09 12:30:00 AM,73661,0.232,3.43,,,,
123,12/05/09 01:00:00 AM,73647,0.232,3.43,,,,
124,12/05/09 01:30:00 AM,73647,0.232,3.43,,,,
125,12/05/09 02:00:00 AM,73620,0.232,3.43,,,,
126,12/05/09 02:30:00 AM,73593,0.232,3.43,,,,
127,12/05/09 03:00:00 AM,73579,0.232,3.43,,,,
128,12/05/09 03:30:00 AM,73552,0.232,3.43,,,,
129,12/05/09 04:00:00 AM,73552,0.232,3.43,,,,
130,12/05/09 04:30:00 AM,73538,0.232,3.43,,,,
131,12/05/09 05:00:00 AM,73524,0.232,3.43,,,,
132,12/05/09 05:30:00 AM,73524,0.232,3.43,,,,
133,12/05/09 06:00:00 AM,73497,0.232,3.43,,,,
134,12/05/09 06:30:00 AM,73469,0.232,3.43,,,,
135,12/05/09 07:00:00 AM,73442,0.232,3.43,,,,
136,12/05/09 07:30:00 AM,73456,0.232,3.43,,,,
137,12/05/09 08:00:00 AM,73456,0.232,3.43,,,,
138,12/05/09 08:30:00 AM,73428,0.232,3.43,,,,
139,12/05/09 09:00:00 AM,73428,0.232,3.43,,,,
140,12/05/09 09:30:00 AM,73428,0.232,3.43,,,,
141,12/05/09 10:00:00 AM,73415,0.232,3.43,,,,
142,12/05/09 10:30:00 AM,73387,0.232,3.43,,,,
143,12/05/09 11:00:00 AM,73346,0.232,3.43,,,,
144,12/05/09 11:30:00 AM,73278,0.232,3.43,,,,
145,12/05/09 12:00:00 PM,73209,0.232,3.43,,,,
146,12/05/09 12:30:00 PM,73223,0.232,3.43,,,,
147,12/05/09 01:00:00 PM,73237,0.232,3.43,,,,
148,12/05/09 01:30:00 PM,73264,0.232,3.43,,,,
149,12/05/09 02:00:00 PM,73278,0.232,3.43,,,,
150,12/05/09 02:30:00 PM,73333,0.232,3.43,,,,
151,12/05/09 03:00:00 PM,73497,0.232,3.43,,,,
152,12/05/09 03:30:00 PM,73606,0.232,3.43,,,,
153,12/05/09 04:00:00 PM,73688,0.232,3.43,,,,
154,12/05/09 04:30:00 PM,73716,0.232,3.43,,,,
155,12/05/09 05:00:00 PM,73716,0.232,3.43,,,,
156,12/05/09 05:30:00 PM,73702,0.232,3.43,,,,
157,12/05/09 06:00:00 PM,73661,0.232,3.43,,,,
158,12/05/09 06:30:00 PM,73647,0.232,3.43,,,,
159,12/05/09 07:00:00 PM,73620,0.232,3.43,,,,
160,12/05/09 07:30:00 PM,73606,0.232,3.43,,,,
161,12/05/09 08:00:00 PM,73606,0.232,3.43,,,,
162,12/05/09 08:30:00 PM,73579,0.232,3.43,,,,
163,12/05/09 09:00:00 PM,73565,0.232,3.43,,,,
164,12/05/09 09:30:00 PM,73579,0.232,3.43,,,,
165,12/05/09 10:00:00 PM,73552,0.232,3.43,,,,
166,12/05/09 10:30:00 PM,73552,0.232,3.43,,,,
167,12/05/09 11:00:00 PM,73552,0.232,3.43,,,,
168,12/05/09 11:30:00 PM,73565,0.232,3.43,,,,
169,12/06/09 12:00:00 AM,73593,0.232,3.43,,,,
170,12/06/09 12:30:00 AM,73579,0.232,3.43,,,,
171,12/06/09 01:00:00 AM,73593,0.232,3.43,,,,
172,12/06/09 01:30:00 AM,73565,0.232,3.43,,,,
173,12/06/09 02:00:00 AM,73593,0.232,3.43,,,,
174,12/06/09 02:30:00 AM,73606,0.232,3.43,,,,
175,12/06/09 03:00:00 AM,73634,0.232,3.43,,,,
176,12/06/09 03:30:00 AM,73702,0.232,3.43,,,,
177,12/06/09 04:00:00 AM,73729,0.232,3.43,,,,
178,12/06/09 04:30:00 AM,73784,0.232,3.43,,,,
179,12/06/09 05:00:00 AM,73812,0.232,3.43,,,,
180,12/06/09 05:30:00 AM,73812,0.232,3.43,,,,
181,12/06/09 06:00:00 AM,73853,0.232,3.43,,,,
182,12/06/09 06:30:00 AM,73880,0.232,3.43,,,,
183,12/06/09 07:00:00 AM,73935,0.232,3.43,,,,
184,12/06/09 07:30:00 AM,73976,0.232,3.43,,,,
185,12/06/09 08:00:00 AM,74044,0.232,3.43,,,,
186,12/06/09 08:30:00 AM,74099,0.232,3.43,,,,
187,12/06/09 09:00:00 AM,74263,0.232,3.43,,,,
188,12/06/09 09:30:00 AM,74304,0.232,3.43,,,,
189,12/06/09 10:00:00 AM,74332,0.232,3.43,,,,
190,12/06/09 10:30:00 AM,74277,0.232,3.43,,,,
191,12/06/09 11:00:00 AM,74195,0.232,3.43,,,,
192,12/06/09 11:30:00 AM,74072,0.232,3.43,,,,
193,12/06/09 12:00:00 PM,74031,0.232,3.43,,,,
194,12/06/09 12:30:00 PM,73976,0.232,3.43,,,,
195,12/06/09 01:00:00 PM,73935,0.232,3.43,,,,
196,12/06/09 01:30:00 PM,73989,0.232,3.43,,,,
197,12/06/09 02:00:00 PM,74126,0.232,3.43,,,,
198,12/06/09 02:30:00 PM,74154,0.232,3.43,,,,
199,12/06/09 03:00:00 PM,74154,0.232,3.43,,,,
200,12/06/09 03:30:00 PM,74140,0.232,3.43,,,,
201,12/06/09 04:00:00 PM,74044,0.232,3.43,,,,
202,12/06/09 04:30:00 PM,73976,0.232,3.43,,,,
203,12/06/09 05:00:00 PM,73825,0.232,3.43,,,,
204,12/06/09 05:30:00 PM,73661,0.232,3.43,,,,
205,12/06/09 06:00:00 PM,73538,0.232,3.43,,,,
206,12/06/09 06:30:00 PM,73469,0.232,3.43,,,,
207,12/06/09 07:00:00 PM,73401,0.232,3.43,,,,
208,12/06/09 07:30:00 PM,73387,0.232,3.43,,,,
209,12/06/09 08:00:00 PM,73346,0.232,3.43,,,,
210,12/06/09 08:30:00 PM,73346,0.232,3.43,,,,
211,12/06/09 09:00:00 PM,73333,0.232,3.43,,,,
212,12/06/09 09:30:00 PM,73291,0.232,3.43,,,,
213,12/06/09 10:00:00 PM,73319,0.232,3.43,,,,
214,12/06/09 10:30:00 PM,73360,0.232,3.43,,,,
215,12/06/09 11:00:00 PM,73360,0.232,3.43,,,,
216,12/06/09 11:30:00 PM,73374,0.232,3.43,,,,
217,12/07/09 12:00:00 AM,73387,0.232,3.43,,,,
218,12/07/09 12:30:00 AM,73387,0.232,3.43,,,,
219,12/07/09 01:00:00 AM,73401,0.232,3.43,,,,
220,12/07/09 01:30:00 AM,73401,0.232,3.43,,,,
221,12/07/09 02:00:00 AM,73401,0.232,3.43,,,,
222,12/07/09 02:30:00 AM,73415,0.232,3.43,,,,
223,12/07/09 03:00:00 AM,73415,0.232,3.43,,,,
224,12/07/09 03:30:00 AM,73442,0.232,3.43,,,,
225,12/07/09 04:00:00 AM,73456,0.232,3.43,,,,
226,12/07/09 04:30:00 AM,73483,0.232,3.43,,,,
227,12/07/09 05:00:00 AM,73497,0.232,3.43,,,,
228,12/07/09 05:30:00 AM,73538,0.232,3.43,,,,
229,12/07/09 06:00:00 AM,73552,0.232,3.43,,,,
230,12/07/09 06:30:00 AM,73593,0.232,3.43,,,,
231,12/07/09 07:00:00 AM,73647,0.232,3.43,,,,
232,12/07/09 07:30:00 AM,73702,0.232,3.43,,,,
233,12/07/09 08:00:00 AM,73757,0.232,3.43,,,,
234,12/07/09 08:30:00 AM,73839,0.232,3.43,,,,
235,12/07/09 09:00:00 AM,73921,0.232,3.43,,,,
236,12/07/09 09:30:00 AM,74072,0.232,3.43,,,,
237,12/07/09 10:00:00 AM,74195,0.232,3.43,,,,
238,12/07/09 10:30:00 AM,74304,0.232,3.43,,,,
239,12/07/09 11:00:00 AM,74386,0.232,3.43,,,,
240,12/07/09 11:30:00 AM,74469,0.232,3.43,,,,
241,12/07/09 12:00:00 PM,74537,0.232,3.43,,,,
242,12/07/09 12:30:00 PM,74619,0.232,3.43,,,,
243,12/07/09 01:00:00 PM,74674,0.232,3.43,,,,
244,12/07/09 01:30:00 PM,74742,0.232,3.43,,,,
245,12/07/09 02:00:00 PM,74770,0.232,3.43,,,,
246,12/07/09 02:30:00 PM,74825,0.232,3.43,,,,
247,12/07/09 03:00:00 PM,74852,0.232,3.43,,,,
248,12/07/09 03:30:00 PM,74866,0.232,3.43,,,,
249,12/07/09 04:00:00 PM,74879,0.232,3.43,,,,
250,12/07/09 04:30:00 PM,74879,0.232,3.43,,,,
251,12/07/09 05:00:00 PM,74879,0.232,3.43,,,,
252,12/07/09 05:30:00 PM,74879,0.232,3.43,,,,
253,12/07/09 06:00:00 PM,74893,0.232,3.43,,,,
254,12/07/09 06:30:00 PM,74879,0.232,3.43,,,,
255,12/07/09 07:00:00 PM,74852,0.232,3.43,,,,
256,12/07/09 07:30:00 PM,74811,0.232,3.43,,,,
257,12/07/09 08:00:00 PM,74770,0.232,3.43,,,,
258,12/07/09 08:30:00 PM,74715,0.232,3.43,,,,
259,12/07/09 09:00:00 PM,74660,0.232,3.43,,,,
260,12/07/09 09:30:00 PM,74605,0.232,3.43,,,,
261,12/07/09 10:00:00 PM,74551,0.232,3.43,,,,
262,12/07/09 10:30:00 PM,74510,0.232,3.43,,,,
263,12/07/09 11:00:00 PM,74400,0.232,3.43,,,,
264,12/07/09 11:30:00 PM,74318,0.232,3.43,,,,
265,12/08/09 12:00:00 AM,74222,0.232,3.43,,,,
266,12/08/09 12:30:00 AM,74140,0.232,3.43,,,,
267,12/08/09 01:00:00 AM,74085,0.232,3.43,,,,
268,12/08/09 01:30:00 AM,74058,0.232,3.43,,,,
269,12/08/09 02:00:00 AM,73976,0.232,3.43,,,,
270,12/08/09 02:30:00 AM,73921,0.232,3.43,,,,
271,12/08/09 03:00:00 AM,73812,0.232,3.43,,,,
272,12/08/09 03:30:00 AM,73702,0.232,3.43,,,,
273,12/08/09 04:00:00 AM,73552,0.232,3.43,,,,
274,12/08/09 04:30:00 AM,73552,0.232,3.43,,,,
275,12/08/09 05:00:00 AM,73757,0.232,3.43,,,,
276,12/08/09 05:30:00 AM,73729,0.232,3.43,,,,
277,12/08/09 06:00:00 AM,73716,0.232,3.43,,,,
278,12/08/09 06:30:00 AM,73729,0.232,3.43,,,,
279,12/08/09 07:00:00 AM,73757,0.232,3.43,,,,
280,12/08/09 07:30:00 AM,73812,0.232,3.43,,,,
281,12/08/09 08:00:00 AM,73825,0.232,3.43,,,,
282,12/08/09 08:30:00 AM,73853,0.232,3.43,,,,
283,12/08/09 09:00:00 AM,73866,0.232,3.43,,,,
284,12/08/09 09:30:00 AM,73894,0.232,3.43,,,,
285,12/08/09 10:00:00 AM,73976,0.232,3.43,,,,
286,12/08/09 10:30:00 AM,73989,0.232,3.43,,,,
287,12/08/09 11:00:00 AM,74044,0.232,3.43,,,,
288,12/08/09 11:30:00 AM,74003,0.232,3.43,,,,
289,12/08/09 12:00:00 PM,74031,0.232,3.43,,,,
290,12/08/09 12:30:00 PM,74031,0.232,3.43,,,,
291,12/08/09 01:00:00 PM,74044,0.232,3.43,,,,
292,12/08/09 01:30:00 PM,74072,0.232,3.43,,,,
293,12/08/09 02:00:00 PM,74113,0.232,3.43,,,,
294,12/08/09 02:30:00 PM,74113,0.232,3.43,,,,
295,12/08/09 03:00:00 PM,74167,0.232,3.43,,,,
296,12/08/09 03:30:00 PM,74209,0.232,3.43,,,,
297,12/08/09 04:00:00 PM,74250,0.232,3.43,,,,
298,12/08/09 04:30:00 PM,74250,0.232,3.43,,,,
299,12/08/09 05:00:00 PM,74263,0.232,3.43,,,,
300,12/08/09 05:30:00 PM,74277,0.232,3.43,,,,
301,12/08/09 06:00:00 PM,74304,0.232,3.43,,,,
302,12/08/09 06:30:00 PM,74291,0.232,3.43,,,,
303,12/08/09 07:00:00 PM,74345,0.232,3.43,,,,
304,12/08/09 07:30:00 PM,74359,0.232,3.43,,,,
305,12/08/09 08:00:00 PM,74400,0.232,3.43,,,,
306,12/08/09 08:30:00 PM,74386,0.232,3.43,,,,
307,12/08/09 09:00:00 PM,74386,0.232,3.43,,,,
308,12/08/09 09:30:00 PM,74414,0.232,3.43,,,,
309,12/08/09 10:00:00 PM,74414,0.232,3.43,,,,
310,12/08/09 10:30:00 PM,74400,0.232,3.43,,,,
311,12/08/09 11:00:00 PM,74428,0.232,3.43,,,,
312,12/08/09 11:30:00 PM,74441,0.232,3.43,,,,
313,12/09/09 12:00:00 AM,74441,0.232,3.43,,,,
314,12/09/09 12:30:00 AM,74455,0.232,3.43,,,,
315,12/09/09 01:00:00 AM,74428,0.232,3.43,,,,
316,12/09/09 01:30:00 AM,74441,0.232,3.43,,,,
317,12/09/09 02:00:00 AM,74469,0.232,3.43,,,,
318,12/09/09 02:30:00 AM,74441,0.232,3.43,,,,
319,12/09/09 03:00:00 AM,74455,0.232,3.43,,,,
320,12/09/09 03:30:00 AM,74428,0.232,3.43,,,,
321,12/09/09 04:00:00 AM,74428,0.232,3.43,,,,
322,12/09/09 04:30:00 AM,74414,0.232,3.43,,,,
323,12/09/09 05:00:00 AM,74414,0.232,3.43,,,,
324,12/09/09 05:30:00 AM,74414,0.232,3.43,,,,
325,12/09/09 06:00:00 AM,74428,0.232,3.43,,,,
326,12/09/09 06:30:00 AM,74428,0.232,3.43,,,,
327,12/09/09 07:00:00 AM,74428,0.232,3.43,,,,
328,12/09/09 07:30:00 AM,74414,0.232,3.43,,,,
329,12/09/09 08:00:00 AM,74441,0.232,3.43,,,,
330,12/09/09 08:30:00 AM,74523,0.232,3.43,,,,
331,12/09/09 09:00:00 AM,74537,0.232,3.43,,,,
332,12/09/09 09:30:00 AM,74551,0.232,3.43,,,,
333,12/09/09 10:00:00 AM,74619,0.232,3.43,,,,
334,12/09/09 10:30:00 AM,74578,0.232,3.43,,,,
335,12/09/09 11:00:00 AM,74564,0.232,3.43,,,,
336,12/09/09 11:30:00 AM,74496,0.232,3.43,,,,
337,12/09/09 12:00:00 PM,74441,0.232,3.43,,,,
338,12/09/09 12:30:00 PM,74400,0.232,3.43,,,,
339,12/09/09 01:00:00 PM,74400,0.232,3.43,,,,
340,12/09/09 01:30:00 PM,74441,0.232,3.43,,,,
341,12/09/09 02:00:00 PM,74455,0.232,3.43,,,,
342,12/09/09 02:30:00 PM,74496,0.232,3.43,,,,
343,12/09/09 03:00:00 PM,74510,0.232,3.43,,,,
344,12/09/09 03:30:00 PM,74551,0.232,3.43,,,,
345,12/09/09 04:00:00 PM,74551,0.232,3.43,,,,
346,12/09/09 04:30:00 PM,74578,0.232,3.43,,,,
347,12/09/09 05:00:00 PM,74578,0.232,3.43,,,,
348,12/09/09 05:30:00 PM,74592,0.232,3.43,,,,
349,12/09/09 06:00:00 PM,74605,0.232,3.43,,,,
350,12/09/09 06:30:00 PM,74619,0.232,3.43,,,,
351,12/09/09 07:00:00 PM,74660,0.232,3.43,,,,
352,12/09/09 07:30:00 PM,74660,0.232,3.43,,,,
353,12/09/09 08:00:00 PM,74674,0.232,3.43,,,,
354,12/09/09 08:30:00 PM,74701,0.232,3.43,,,,
355,12/09/09 09:00:00 PM,74715,0.232,3.43,,,,
356,12/09/09 09:30:00 PM,74756,0.232,3.43,,,,
357,12/09/09 10:00:00 PM,74756,0.232,3.43,,,,
358,12/09/09 10:30:00 PM,74756,0.232,3.43,,,,
359,12/09/09 11:00:00 PM,74756,0.232,3.43,,,,
360,12/09/09 11:30:00 PM,74783,0.232,3.43,,,,
361,12/10/09 12:00:00 AM,74783,0.232,3.43,,,,
362,12/10/09 12:30:00 AM,74783,0.232,3.43,,,,
363,12/10/09 01:00:00 AM,74770,0.232,3.43,,,,
364,12/10/09 01:30:00 AM,74770,0.232,3.43,,,,
365,12/10/09 02:00:00 AM,74770,0.232,3.43,,,,
366,12/10/09 02:30:00 AM,74756,0.232,3.43,,,,
367,12/10/09 03:00:00 AM,74742,0.232,3.43,,,,
368,12/10/09 03:30:00 AM,74756,0.232,3.43,,,,
369,12/10/09 04:00:00 AM,74715,0.232,3.43,,,,
370,12/10/09 04:30:00 AM,74701,0.232,3.43,,,,
371,12/10/09 05:00:00 AM,74688,0.232,3.43,,,,
372,12/10/09 05:30:00 AM,74688,0.232,3.43,,,,
373,12/10/09 06:00:00 AM,74701,0.232,3.43,,,,
374,12/10/09 06:30:00 AM,74688,0.232,3.43,,,,
375,12/10/09 07:00:00 AM,74688,0.232,3.43,,,,
376,12/10/09 07:30:00 AM,74660,0.232,3.43,,,,
377,12/10/09 08:00:00 AM,74647,0.232,3.43,,,,
378,12/10/09 08:30:00 AM,74633,0.232,3.43,,,,
379,12/10/09 09:00:00 AM,74660,0.232,3.43,,,,
380,12/10/09 09:30:00 AM,74674,0.232,3.43,,,,
381,12/10/09 10:00:00 AM,74674,0.232,3.43,,,,
382,12/10/09 10:30:00 AM,74701,0.232,3.43,,,,
383,12/10/09 11:00:00 AM,74674,0.232,3.43,,,,
384,12/10/09 11:30:00 AM,74660,0.232,3.43,,,,
385,12/10/09 12:00:00 PM,74674,0.232,3.43,,,,
386,12/10/09 12:30:00 PM,74701,0.232,3.43,,,,
387,12/10/09 01:00:00 PM,74688,0.232,3.43,,,,
388,12/10/09 01:30:00 PM,74715,0.232,3.43,,,,
389,12/10/09 02:00:00 PM,74783,0.232,3.43,,,,
390,12/10/09 02:30:00 PM,74797,0.232,3.43,,,,
391,12/10/09 03:00:00 PM,74866,0.232,3.43,,,,
392,12/10/09 03:30:00 PM,74920,0.232,3.43,,,,
393,12/10/09 04:00:00 PM,74920,0.232,3.43,,,,
394,12/10/09 04:30:00 PM,74934,0.232,3.43,,,,
395,12/10/09 05:00:00 PM,74975,0.232,3.43,,,,
396,12/10/09 05:30:00 PM,75030,0.232,3.43,,,,
397,12/10/09 06:00:00 PM,75071,0.232,3.43,,,,
398,12/10/09 06:30:00 PM,75085,0.232,3.43,,,,
399,12/10/09 07:00:00 PM,75112,0.232,3.43,,,,
400,12/10/09 07:30:00 PM,75126,0.232,3.43,,,,
401,12/10/09 08:00:00 PM,75126,0.232,3.43,,,,
402,12/10/09 08:30:00 PM,75126,0.232,3.43,,,,
403,12/10/09 09:00:00 PM,75126,0.232,3.43,,,,
404,12/10/09 09:30:00 PM,75153,0.232,3.43,,,,
405,12/10/09 10:00:00 PM,75167,0.232,3.43,,,,
406,12/10/09 10:30:00 PM,75153,0.232,3.43,,,,
407,12/10/09 11:00:00 PM,75153,0.232,3.43,,,,
408,12/10/09 11:30:00 PM,75153,0.232,3.43,,,,
409,12/11/09 12:00:00 AM,75167,0.232,3.43,,,,
410,12/11/09 12:30:00 AM,75167,0.232,3.43,,,,
411,12/11/09 01:00:00 AM,75139,0.232,3.43,,,,
412,12/11/09 01:30:00 AM,75153,0.232,3.43,,,,
413,12/11/09 02:00:00 AM,75153,0.232,3.43,,,,
414,12/11/09 02:30:00 AM,75139,0.232,3.43,,,,
415,12/11/09 03:00:00 AM,75139,0.232,3.43,,,,
416,12/11/09 03:30:00 AM,75112,0.232,3.43,,,,
417,12/11/09 04:00:00 AM,75098,0.232,3.43,,,,
418,12/11/09 04:30:00 AM,75085,0.232,3.43,,,,
419,12/11/09 05:00:00 AM,75057,0.232,3.43,,,,
420,12/11/09 05:30:00 AM,75057,0.232,3.43,,,,
421,12/11/09 06:00:00 AM,75071,0.232,3.43,,,,
422,12/11/09 06:30:00 AM,75030,0.232,3.43,,,,
423,12/11/09 07:00:00 AM,75030,0.232,3.43,,,,
424,12/11/09 07:30:00 AM,75030,0.232,3.43,,,,
425,12/11/09 08:00:00 AM,75016,0.232,3.43,,,,
426,12/11/09 08:30:00 AM,75016,0.232,3.43,,,,
427,12/11/09 09:00:00 AM,75030,0.232,3.43,,,,
428,12/11/09 09:30:00 AM,75044,0.232,3.43,,,,
429,12/11/09 10:00:00 AM,75085,0.232,3.43,,,,
430,12/11/09 10:30:00 AM,75098,0.232,3.43,,,,
431,12/11/09 11:00:00 AM,75126,0.232,3.43,,,,
432,12/11/09 11:30:00 AM,75126,0.232,3.43,,,,
433,12/11/09 12:00:00 PM,75167,0.232,3.43,,,,
434,12/11/09 12:30:00 PM,75222,0.232,3.43,,,,
435,12/11/09 01:00:00 PM,75249,0.232,3.43,,,,
436,12/11/09 01:30:00 PM,75276,0.232,3.43,,,,
437,12/11/09 02:00:00 PM,75317,0.232,3.43,,,,
438,12/11/09 02:30:00 PM,75372,0.232,3.43,,,,
439,12/11/09 03:00:00 PM,75400,0.232,3.43,,,,
440,12/11/09 03:30:00 PM,75413,0.232,3.43,,,,
441,12/11/09 04:00:00 PM,75441,0.232,3.43,,,,
442,12/11/09 04:30:00 PM,75441,0.232,3.43,,,,
443,12/11/09 05:00:00 PM,75495,0.232,3.43,,,,
444,12/11/09 05:30:00 PM,75495,0.232,3.43,,,,
445,12/11/09 06:00:00 PM,75495,0.232,3.43,,,,
446,12/11/09 06:30:00 PM,75509,0.232,3.43,,,,
447,12/11/09 07:00:00 PM,75537,0.232,3.43,,,,
448,12/11/09 07:30:00 PM,75523,0.232,3.43,,,,
449,12/11/09 08:00:00 PM,75523,0.232,3.43,,,,
450,12/11/09 08:30:00 PM,75523,0.232,3.43,,,,
451,12/11/09 09:00:00 PM,75550,0.232,3.43,,,,
452,12/11/09 09:30:00 PM,75578,0.232,3.43,,,,
453,12/11/09 10:00:00 PM,75605,0.232,3.43,,,,
454,12/11/09 10:30:00 PM,75646,0.232,3.43,,,,
455,12/11/09 11:00:00 PM,75619,0.232,3.43,,,,
456,12/11/09 11:30:00 PM,75632,0.232,3.43,,,,
457,12/12/09 12:00:00 AM,75632,0.232,3.43,,,,
458,12/12/09 12:30:00 AM,75619,0.232,3.43,,,,
459,12/12/09 01:00:00 AM,75632,0.232,3.43,,,,
460,12/12/09 01:30:00 AM,75646,0.232,3.43,,,,
461,12/12/09 02:00:00 AM,75646,0.232,3.43,,,,
462,12/12/09 02:30:00 AM,75441,0.232,3.43,,,,
463,12/12/09 03:00:00 AM,75482,0.232,3.43,,,,
464,12/12/09 03:30:00 AM,75495,0.232,3.43,,,,
465,12/12/09 04:00:00 AM,75441,0.232,3.43,,,,
466,12/12/09 04:30:00 AM,75454,0.232,3.43,,,,
467,12/12/09 05:00:00 AM,75454,0.232,3.43,,,,
468,12/12/09 05:30:00 AM,75468,0.232,3.43,,,,
469,12/12/09 06:00:00 AM,75454,0.232,3.43,,,,
470,12/12/09 06:30:00 AM,75468,0.232,3.43,,,,
471,12/12/09 07:00:00 AM,75495,0.232,3.43,,,,
472,12/12/09 07:30:00 AM,75550,0.232,3.43,,,,
473,12/12/09 08:00:00 AM,75591,0.232,3.43,,,,
474,12/12/09 08:30:00 AM,75632,0.232,3.43,,,,
475,12/12/09 09:00:00 AM,75660,0.232,3.43,,,,
476,12/12/09 09:30:00 AM,75660,0.232,3.43,,,,
477,12/12/09 10:00:00 AM,75701,0.232,3.43,,,,
478,12/12/09 10:30:00 AM,75728,0.232,3.43,,,,
479,12/12/09 11:00:00 AM,75756,0.232,3.43,,,,
480,12/12/09 11:30:00 AM,75769,0.232,3.43,,,,
481,12/12/09 12:00:00 PM,75797,0.232,3.43,,,,
482,12/12/09 12:30:00 PM,75838,0.232,3.43,,,,
483,12/12/09 01:00:00 PM,75879,0.232,3.43,,,,
484,12/12/09 01:30:00 PM,75879,0.232,3.43,,,,
485,12/12/09 02:00:00 PM,75947,0.232,3.43,,,,
486,12/12/09 02:30:00 PM,76002,0.232,3.43,,,,
487,12/12/09 03:00:00 PM,76029,0.232,3.43,,,,
488,12/12/09 03:30:00 PM,76057,0.232,3.43,,,,
489,12/12/09 04:00:00 PM,76084,0.232,3.43,,,,
490,12/12/09 04:30:00 PM,76098,0.232,3.43,,,,
491,12/12/09 05:00:00 PM,76098,0.232,3.43,,,,
492,12/12/09 05:30:00 PM,76112,0.232,3.43,,,,
493,12/12/09 06:00:00 PM,76125,0.232,3.43,,,,
494,12/12/09 06:30:00 PM,76166,0.232,3.43,,,,
495,12/12/09 07:00:00 PM,76180,0.232,3.43,,,,
496,12/12/09 07:30:00 PM,76166,0.232,3.43,,,,
497,12/12/09 08:00:00 PM,76194,0.232,3.43,,,,
498,12/12/09 08:30:00 PM,76207,0.232,3.43,,,,
499,12/12/09 09:00:00 PM,76249,0.232,3.43,,,,
500,12/12/09 09:30:00 PM,76276,0.232,3.43,,,,
501,12/12/09 10:00:00 PM,76290,0.232,3.43,,,,
502,12/12/09 10:30:00 PM,76331,0.232,3.43,,,,
503,12/12/09 11:00:00 PM,76331,0.232,3.43,,,,
504,12/12/09 11:30:00 PM,76358,0.232,3.43,,,,
505,12/13/09 12:00:00 AM,76344,0.232,3.43,,,,
506,12/13/09 12:30:00 AM,76344,0.232,3.43,,,,
507,12/13/09 01:00:00 AM,76331,0.232,3.43,,,,
508,12/13/09 01:30:00 AM,76317,0.232,3.43,,,,
509,12/13/09 02:00:00 AM,76303,0.232,3.43,,,,
510,12/13/09 02:30:00 AM,76358,0.232,3.43,,,,
511,12/13/09 03:00:00 AM,76344,0.232,3.43,,,,
512,12/13/09 03:30:00 AM,76344,0.232,3.43,,,,
513,12/13/09 04:00:00 AM,76290,0.232,3.43,,,,
514,12/13/09 04:30:00 AM,76262,0.232,3.43,,,,
515,12/13/09 05:00:00 AM,76249,0.232,3.43,,,,
516,12/13/09 05:30:00 AM,76276,0.232,3.43,,,,
517,12/13/09 06:00:00 AM,76262,0.232,3.43,,,,
518,12/13/09 06:30:00 AM,76276,0.232,3.43,,,,
519,12/13/09 07:00:00 AM,76249,0.232,3.43,,,,
520,12/13/09 07:30:00 AM,76221,0.232,3.43,,,,
521,12/13/09 08:00:00 AM,76331,0.232,3.43,,,,
522,12/13/09 08:30:00 AM,76358,0.232,3.43,,,,
523,12/13/09 09:00:00 AM,76262,0.232,3.43,,,,
524,12/13/09 09:30:00 AM,76207,0.232,3.43,,,,
525,12/13/09 10:00:00 AM,76194,0.232,3.43,,,,
526,12/13/09 10:30:00 AM,76207,0.232,3.43,,,,
527,12/13/09 11:00:00 AM,76235,0.232,3.43,,,,
528,12/13/09 11:30:00 AM,76207,0.232,3.43,,,,
529,12/13/09 12:00:00 PM,76194,0.232,3.43,,,,
530,12/13/09 12:30:00 PM,76153,0.232,3.43,,,,
531,12/13/09 01:00:00 PM,76125,0.232,3.43,,,,
532,12/13/09 01:30:00 PM,76125,0.232,3.43,,,,
533,12/13/09 02:00:00 PM,76112,0.232,3.43,,,,
534,12/13/09 02:30:00 PM,76112,0.232,3.43,,,,
535,12/13/09 03:00:00 PM,76125,0.232,3.43,,,,
536,12/13/09 03:30:00 PM,76112,0.232,3.43,,,,
537,12/13/09 04:00:00 PM,76084,0.232,3.43,,,,
538,12/13/09 04:30:00 PM,76139,0.232,3.43,,,,
539,12/13/09 05:00:00 PM,76153,0.232,3.43,,,,
540,12/13/09 05:30:00 PM,76262,0.232,3.43,,,,
541,12/13/09 06:00:00 PM,76303,0.232,3.43,,,,
542,12/13/09 06:30:00 PM,76344,0.232,3.43,,,,
543,12/13/09 07:00:00 PM,76344,0.232,3.43,,,,
544,12/13/09 07:30:00 PM,76386,0.232,3.43,,,,
545,12/13/09 08:00:00 PM,76440,0.232,3.43,,,,
546,12/13/09 08:30:00 PM,76454,0.232,3.43,,,,
547,12/13/09 09:00:00 PM,76454,0.232,3.43,,,,
548,12/13/09 09:30:00 PM,76522,0.232,3.43,,,,
549,12/13/09 10:00:00 PM,76564,0.232,3.43,,,,
550,12/13/09 10:30:00 PM,76605,0.232,3.43,,,,
551,12/13/09 11:00:00 PM,76618,0.232,3.43,,,,
552,12/13/09 11:30:00 PM,76659,0.232,3.43,,,,
553,12/14/09 12:00:00 AM,76659,0.232,3.43,,,,
554,12/14/09 12:30:00 AM,76659,0.232,3.43,,,,
555,12/14/09 01:00:00 AM,76673,0.232,3.43,,,,
556,12/14/09 01:30:00 AM,76673,0.232,3.43,,,,
557,12/14/09 02:00:00 AM,76687,0.232,3.43,,,,
558,12/14/09 02:30:00 AM,76701,0.232,3.43,,,,
559,12/14/09 03:00:00 AM,76701,0.232,3.43,,,,
560,12/14/09 03:30:00 AM,76701,0.232,3.43,,,,
561,12/14/09 04:00:00 AM,76687,0.232,3.43,,,,
562,12/14/09 04:30:00 AM,76673,0.232,3.43,,,,
563,12/14/09 05:00:00 AM,76687,0.232,3.43,,,,
564,12/14/09 05:30:00 AM,76714,0.232,3.43,,,,
565,12/14/09 06:00:00 AM,76728,0.232,3.43,,,,
566,12/14/09 06:30:00 AM,76755,0.232,3.43,,,,
567,12/14/09 07:00:00 AM,76769,0.232,3.43,,,,
568,12/14/09 07:30:00 AM,76810,0.232,3.43,,,,
569,12/14/09 08:00:00 AM,76824,0.232,3.43,,,,
570,12/14/09 08:30:00 AM,76865,0.232,3.43,,,,
571,12/14/09 09:00:00 AM,76879,0.232,3.43,,,,
572,12/14/09 09:30:00 AM,76920,0.232,3.43,,,,
573,12/14/09 10:00:00 AM,76933,0.232,3.43,,,,
574,12/14/09 10:30:00 AM,76960,0.343,3.43,,,,
575,12/14/09 11:00:00 AM,76961,0.232,3.43,,,,
576,12/14/09 11:30:00 AM,76960,0.343,3.43,,,,
577,12/14/09 12:00:00 PM,76961,0.232,3.43,,,,
578,12/14/09 12:30:00 PM,76933,0.232,3.43,,,,
579,12/14/09 01:00:00 PM,76947,0.343,3.43,,,,
580,12/14/09 01:30:00 PM,76974,0.232,3.43,,,,
581,12/14/09 02:00:00 PM,76974,0.232,3.43,,,,
582,12/14/09 02:30:00 PM,76974,0.232,3.43,,,,
583,12/14/09 03:00:00 PM,77002,0.232,3.43,,,,
584,12/14/09 03:30:00 PM,77043,0.232,3.43,,,,
585,12/14/09 04:00:00 PM,77057,0.232,3.43,,,,
586,12/14/09 04:30:00 PM,77084,0.232,3.43,,,,
587,12/14/09 05:00:00 PM,77125,0.232,3.43,,,,
588,12/14/09 05:30:00 PM,77125,0.232,3.43,,,,
589,12/14/09 06:00:00 PM,77153,0.232,3.43,,,,
590,12/14/09 06:30:00 PM,77207,0.232,3.43,,,,
591,12/14/09 07:00:00 PM,77207,0.232,3.43,,,,
592,12/14/09 07:30:00 PM,77248,0.232,3.43,,,,
593,12/14/09 08:00:00 PM,77248,0.232,3.43,,,,
594,12/14/09 08:30:00 PM,77248,0.232,3.43,,,,
595,12/14/09 09:00:00 PM,77262,0.232,3.43,,,,
596,12/14/09 09:30:00 PM,77289,0.232,3.43,,,,
597,12/14/09 10:00:00 PM,77331,0.232,3.43,,,,
598,12/14/09 10:30:00 PM,77358,0.232,3.43,,,,
599,12/14/09 11:00:00 PM,77358,0.232,3.43,,,,
600,12/14/09 11:30:00 PM,77385,0.232,3.43,,,,
601,12/15/09 12:00:00 AM,77372,0.232,3.43,,,,
602,12/15/09 12:30:00 AM,77385,0.232,3.43,,,,
603,12/15/09 01:00:00 AM,77358,0.232,3.43,,,,
604,12/15/09 01:30:00 AM,77372,0.232,3.43,,,,
605,12/15/09 02:00:00 AM,77399,0.232,3.43,,,,
606,12/15/09 02:30:00 AM,77413,0.232,3.43,,,,
607,12/15/09 03:00:00 AM,77413,0.232,3.43,,,,
608,12/15/09 03:30:00 AM,77426,0.232,3.43,,,,
609,12/15/09 04:00:00 AM,77440,0.232,3.43,,,,
610,12/15/09 04:30:00 AM,77468,0.232,3.43,,,,
611,12/15/09 05:00:00 AM,77468,0.232,3.43,,,,
612,12/15/09 05:30:00 AM,77522,0.232,3.43,,,,
613,12/15/09 06:00:00 AM,77536,0.232,3.43,,,,
614,12/15/09 06:30:00 AM,77577,0.232,3.43,,,,
615,12/15/09 07:00:00 AM,77605,0.232,3.43,,,,
616,12/15/09 07:30:00 AM,77618,0.232,3.43,,,,
617,12/15/09 08:00:00 AM,77673,0.232,3.43,,,,
618,12/15/09 08:30:00 AM,77700,0.232,3.43,,,,
619,12/15/09 09:00:00 AM,77728,0.232,3.43,,,,
620,12/15/09 09:30:00 AM,77783,0.232,3.43,,,,
621,12/15/09 10:00:00 AM,77824,0.232,3.43,,,,
622,12/15/09 10:30:00 AM,77824,0.232,3.43,,,,
623,12/15/09 11:00:00 AM,77851,0.232,3.43,,,,
624,12/15/09 11:30:00 AM,77851,0.232,3.43,,,,
625,12/15/09 12:00:00 PM,77851,0.232,3.43,,,,
626,12/15/09 12:30:00 PM,77865,0.232,3.43,,,,
627,12/15/09 01:00:00 PM,77865,0.232,3.43,,,,
628,12/15/09 01:30:00 PM,77879,0.232,3.43,,,,
629,12/15/09 02:00:00 PM,77879,0.232,3.43,,,,
630,12/15/09 02:30:00 PM,77906,0.232,3.43,,,,
631,12/15/09 03:00:00 PM,77892,0.232,3.43,,,,
632,12/15/09 03:30:00 PM,77920,0.232,3.43,,,,
633,12/15/09 04:00:00 PM,77947,0.232,3.43,,,,
634,12/15/09 04:30:00 PM,77988,0.232,3.43,,,,
635,12/15/09 05:00:00 PM,78002,0.232,3.43,,,,
636,12/15/09 05:30:00 PM,78002,0.232,3.43,,,,
637,12/15/09 06:00:00 PM,77988,0.232,3.43,,,,
638,12/15/09 06:30:00 PM,78016,0.232,3.43,,,,
639,12/15/09 07:00:00 PM,78029,0.232,3.43,,,,
640,12/15/09 07:30:00 PM,78070,0.232,3.43,,,,
641,12/15/09 08:00:00 PM,78057,0.232,3.43,,,,
642,12/15/09 08:30:00 PM,78070,0.232,3.43,,,,
643,12/15/09 09:00:00 PM,78084,0.232,3.43,,,,
644,12/15/09 09:30:00 PM,78084,0.232,3.43,,,,
645,12/15/09 10:00:00 PM,78098,0.232,3.43,,,,
646,12/15/09 10:30:00 PM,78098,0.232,3.43,,,,
647,12/15/09 11:00:00 PM,78098,0.232,3.43,,,,
648,12/15/09 11:30:00 PM,78084,0.232,3.43,,,,
649,12/16/09 12:00:00 AM,78057,0.232,3.43,,,,
650,12/16/09 12:30:00 AM,78057,0.232,3.43,,,,
651,12/16/09 01:00:00 AM,78016,0.232,3.43,,,,
652,12/16/09 01:30:00 AM,78016,0.232,3.43,,,,
653,12/16/09 02:00:00 AM,78029,0.232,3.43,,,,
654,12/16/09 02:30:00 AM,78016,0.232,3.43,,,,
655,12/16/09 03:00:00 AM,78002,0.232,3.43,,,,
656,12/16/09 03:30:00 AM,77988,0.232,3.43,,,,
657,12/16/09 04:00:00 AM,77961,0.232,3.43,,,,
658,12/16/09 04:30:00 AM,77974,0.232,3.43,,,,
659,12/16/09 05:00:00 AM,77947,0.232,3.43,,,,
660,12/16/09 05:30:00 AM,77933,0.232,3.43,,,,
661,12/16/09 06:00:00 AM,77920,0.232,3.43,,,,
662,12/16/09 06:30:00 AM,77906,0.232,3.43,,,,
663,12/16/09 07:00:00 AM,77933,0.232,3.43,,,,
664,12/16/09 07:30:00 AM,77920,0.232,3.43,,,,
665,12/16/09 08:00:00 AM,77906,0.232,3.43,,,,
666,12/16/09 08:30:00 AM,77920,0.232,3.43,,,,
667,12/16/09 09:00:00 AM,77920,0.232,3.43,,,,
668,12/16/09 09:30:00 AM,77892,0.232,3.43,,,,
669,12/16/09 10:00:00 AM,77906,0.232,3.43,,,,
670,12/16/09 10:30:00 AM,77933,0.232,3.43,,,,
671,12/16/09 11:00:00 AM,77906,0.232,3.43,,,,
672,12/16/09 11:30:00 AM,77892,0.232,3.43,,,,
673,12/16/09 12:00:00 PM,77851,0.232,3.43,,,,
674,12/16/09 12:30:00 PM,77810,0.232,3.43,,,,
675,12/16/09 01:00:00 PM,77810,0.232,3.43,,,,
676,12/16/09 01:30:00 PM,77824,0.232,3.43,,,,
677,12/16/09 02:00:00 PM,77824,0.232,3.43,,,,
678,12/16/09 02:30:00 PM,77810,0.232,3.43,,,,
679,12/16/09 03:00:00 PM,77837,0.232,3.43,,,,
680,12/16/09 03:30:00 PM,77837,0.232,3.43,,,,
681,12/16/09 04:00:00 PM,77837,0.232,3.43,,,,
682,12/16/09 04:30:00 PM,77824,0.232,3.43,,,,
683,12/16/09 05:00:00 PM,77824,0.232,3.43,,,,
684,12/16/09 05:30:00 PM,77810,0.232,3.43,,,,
685,12/16/09 06:00:00 PM,77810,0.232,3.43,,,,
686,12/16/09 06:30:00 PM,77796,0.232,3.43,,,,
687,12/16/09 07:00:00 PM,77810,0.232,3.43,,,,
688,12/16/09 07:30:00 PM,77796,0.232,3.43,,,,
689,12/16/09 08:00:00 PM,77783,0.232,3.43,,,,
690,12/16/09 08:30:00 PM,77769,0.232,3.43,,,,
691,12/16/09 09:00:00 PM,77796,0.232,3.43,,,,
692,12/16/09 09:30:00 PM,77783,0.232,3.43,,,,
693,12/16/09 10:00:00 PM,77783,0.232,3.43,,,,
694,12/16/09 10:30:00 PM,77783,0.232,3.43,,,,
695,12/16/09 11:00:00 PM,77755,0.232,3.43,,,,
696,12/16/09 11:30:00 PM,77742,0.232,3.43,,,,
697,12/17/09 12:00:00 AM,77700,0.232,3.43,,,,
698,12/17/09 12:30:00 AM,77687,0.232,3.43,,,,
699,12/17/09 01:00:00 AM,77687,0.232,3.43,,,,
700,12/17/09 01:30:00 AM,77673,0.232,3.43,,,,
701,12/17/09 02:00:00 AM,77673,0.232,3.43,,,,
702,12/17/09 02:30:00 AM,77659,0.232,3.43,,,,
703,12/17/09 03:00:00 AM,77632,0.232,3.43,,,,
704,12/17/09 03:30:00 AM,77618,0.232,3.43,,,,
705,12/17/09 04:00:00 AM,77577,0.232,3.43,,,,
706,12/17/09 04:30:00 AM,77550,0.232,3.43,,,,
707,12/17/09 05:00:00 AM,77550,0.232,3.43,,,,
708,12/17/09 05:30:00 AM,77536,0.232,3.43,,,,
709,12/17/09 06:00:00 AM,77536,0.232,3.43,,,,
710,12/17/09 06:30:00 AM,77550,0.232,3.43,,,,
711,12/17/09 07:00:00 AM,77550,0.232,3.43,,,,
712,12/17/09 07:30:00 AM,77550,0.232,3.43,,,,
713,12/17/09 08:00:00 AM,77550,0.232,3.43,,,,
714,12/17/09 08:30:00 AM,77550,0.232,3.43,,,,
715,12/17/09 09:00:00 AM,77563,0.232,3.43,,,,
716,12/17/09 09:30:00 AM,77563,0.232,3.43,,,,
717,12/17/09 10:00:00 AM,77522,0.232,3.43,,,,
718,12/17/09 10:30:00 AM,77522,0.232,3.43,,,,
719,12/17/09 11:00:00 AM,77495,0.232,3.43,,,,
720,12/17/09 11:30:00 AM,77495,0.232,3.43,,,,
721,12/17/09 12:00:00 PM,77454,0.232,3.43,,,,
722,12/17/09 12:30:00 PM,77440,0.232,3.43,,,,
723,12/17/09 01:00:00 PM,77454,0.232,3.43,,,,
724,12/17/09 01:30:00 PM,77440,0.232,3.43,,,,
725,12/17/09 02:00:00 PM,77440,0.232,3.43,,,,
726,12/17/09 02:30:00 PM,77440,0.232,3.43,,,,
727,12/17/09 03:00:00 PM,77440,0.232,3.43,,,,
728,12/17/09 03:30:00 PM,77426,0.232,3.43,,,,
729,12/17/09 04:00:00 PM,77426,0.232,3.43,,,,
730,12/17/09 04:30:00 PM,77413,0.232,3.43,,,,
731,12/17/09 05:00:00 PM,77426,0.232,3.43,,,,
732,12/17/09 05:30:00 PM,77440,0.232,3.43,,,,
733,12/17/09 06:00:00 PM,77454,0.232,3.43,,,,
734,12/17/09 06:30:00 PM,77454,0.232,3.43,,,,
735,12/17/09 07:00:00 PM,77454,0.232,3.43,,,,
736,12/17/09 07:30:00 PM,77454,0.232,3.43,,,,
737,12/17/09 08:00:00 PM,77454,0.232,3.43,,,,
738,12/17/09 08:30:00 PM,77426,0.232,3.43,,,,
739,12/17/09 09:00:00 PM,77454,0.232,3.43,,,,
740,12/17/09 09:30:00 PM,77468,0.232,3.43,,,,
741,12/17/09 10:00:00 PM,77468,0.232,3.43,,,,
742,12/17/09 10:30:00 PM,77468,0.232,3.43,,,,
743,12/17/09 11:00:00 PM,77468,0.232,3.43,,,,
744,12/17/09 11:30:00 PM,77468,0.232,3.43,,,,
745,12/18/09 12:00:00 AM,77454,0.232,3.43,,,,
746,12/18/09 12:30:00 AM,77413,0.232,3.43,,,,
747,12/18/09 01:00:00 AM,77413,0.232,3.43,,,,
748,12/18/09 01:30:00 AM,77413,0.232,3.43,,,,
749,12/18/09 02:00:00 AM,77399,0.232,3.43,,,,
750,12/18/09 02:30:00 AM,77413,0.232,3.43,,,,
751,12/18/09 03:00:00 AM,77385,0.232,3.43,,,,
752,12/18/09 03:30:00 AM,77358,0.232,3.43,,,,
753,12/18/09 04:00:00 AM,77331,0.232,3.43,,,,
754,12/18/09 04:30:00 AM,77344,0.232,3.43,,,,
755,12/18/09 05:00:00 AM,77344,0.232,3.43,,,,
756,12/18/09 05:30:00 AM,77331,0.232,3.43,,,,
757,12/18/09 06:00:00 AM,77344,0.232,3.43,,,,
758,12/18/09 06:30:00 AM,77317,0.232,3.43,,,,
759,12/18/09 07:00:00 AM,77344,0.232,3.43,,,,
760,12/18/09 07:30:00 AM,77331,0.232,3.43,,,,
761,12/18/09 08:00:00 AM,77289,0.232,3.43,,,,
762,12/18/09 08:30:00 AM,77303,0.232,3.43,,,,
763,12/18/09 09:00:00 AM,77317,0.232,3.43,,,,
764,12/18/09 09:30:00 AM,77344,0.232,3.43,,,,
765,12/18/09 10:00:00 AM,77372,0.232,3.43,,,,
766,12/18/09 10:30:00 AM,77331,0.232,3.43,,,,
767,12/18/09 11:00:00 AM,77317,0.232,3.43,,,,
768,12/18/09 11:30:00 AM,77303,0.232,3.43,,,,
769,12/18/09 12:00:00 PM,77262,0.232,3.43,,,,
770,12/18/09 12:30:00 PM,77207,0.232,3.43,,,,
771,12/18/09 01:00:00 PM,77180,0.232,3.43,,,,
772,12/18/09 01:30:00 PM,77139,0.232,3.43,,,,
773,12/18/09 02:00:00 PM,77153,0.232,3.43,,,,
774,12/18/09 02:30:00 PM,77166,0.232,3.43,,,,
775,12/18/09 03:00:00 PM,77194,0.232,3.43,,,,
776,12/18/09 03:30:00 PM,77207,0.232,3.43,,,,
777,12/18/09 04:00:00 PM,77207,0.232,3.43,,,,
778,12/18/09 04:30:00 PM,77207,0.232,3.43,,,,
779,12/18/09 05:00:00 PM,77221,0.232,3.43,,,,
780,12/18/09 05:30:00 PM,77235,0.232,3.43,,,,
781,12/18/09 06:00:00 PM,77235,0.232,3.43,,,,
782,12/18/09 06:30:00 PM,77235,0.232,3.43,,,,
783,12/18/09 07:00:00 PM,77248,0.232,3.43,,,,
784,12/18/09 07:30:00 PM,77262,0.232,3.43,,,,
785,12/18/09 08:00:00 PM,77262,0.232,3.43,,,,
786,12/18/09 08:30:00 PM,77276,0.232,3.43,,,,
787,12/18/09 09:00:00 PM,77303,0.232,3.43,,,,
788,12/18/09 09:30:00 PM,77317,0.232,3.43,,,,
789,12/18/09 10:00:00 PM,77331,0.232,3.43,,,,
790,12/18/09 10:30:00 PM,77344,0.232,3.43,,,,
791,12/18/09 11:00:00 PM,77358,0.232,3.43,,,,
792,12/18/09 11:30:00 PM,77344,0.232,3.43,,,,
793,12/19/09 12:00:00 AM,77344,0.232,3.43,,,,
794,12/19/09 12:30:00 AM,77344,0.232,3.43,,,,
795,12/19/09 01:00:00 AM,77358,0.232,3.43,,,,
796,12/19/09 01:30:00 AM,77372,0.232,3.43,,,,
797,12/19/09 02:00:00 AM,77358,0.232,3.43,,,,
798,12/19/09 02:30:00 AM,77399,0.232,3.43,,,,
799,12/19/09 03:00:00 AM,77385,0.232,3.43,,,,
800,12/19/09 03:30:00 AM,77385,0.232,3.43,,,,
801,12/19/09 04:00:00 AM,77385,0.232,3.43,,,,
802,12/19/09 04:30:00 AM,77413,0.232,3.43,,,,
803,12/19/09 05:00:00 AM,77440,0.232,3.43,,,,
804,12/19/09 05:30:00 AM,77468,0.232,3.43,,,,
805,12/19/09 06:00:00 AM,77468,0.232,3.43,,,,
806,12/19/09 06:30:00 AM,77509,0.232,3.43,,,,
807,12/19/09 07:00:00 AM,77509,0.232,3.43,,,,
808,12/19/09 07:30:00 AM,77536,0.232,3.43,,,,
809,12/19/09 08:00:00 AM,77563,0.232,3.43,,,,
810,12/19/09 08:30:00 AM,77591,0.232,3.43,,,,
811,12/19/09 09:00:00 AM,77605,0.232,3.43,,,,
812,12/19/09 09:30:00 AM,77632,0.232,3.43,,,,
813,12/19/09 10:00:00 AM,77632,0.232,3.43,,,,
814,12/19/09 10:30:00 AM,77605,0.232,3.43,,,,
815,12/19/09 11:00:00 AM,77605,0.232,3.43,,,,
816,12/19/09 11:30:00 AM,77591,0.232,3.43,,,,
817,12/19/09 12:00:00 PM,77550,0.232,3.43,,,,
818,12/19/09 12:30:00 PM,77522,0.232,3.43,,,,
819,12/19/09 01:00:00 PM,77495,0.232,3.43,,,,
820,12/19/09 01:30:00 PM,77481,0.232,3.43,,,,
821,12/19/09 02:00:00 PM,77495,0.232,3.43,,,,
822,12/19/09 02:30:00 PM,77495,0.232,3.43,,,,
823,12/19/09 03:00:00 PM,77495,0.232,3.43,,,,
824,12/19/09 03:30:00 PM,77536,0.232,3.43,,,,
825,12/19/09 04:00:00 PM,77563,0.232,3.43,,,,
826,12/19/09 04:30:00 PM,77591,0.232,3.43,,,,
827,12/19/09 05:00:00 PM,77605,0.232,3.43,,,,
828,12/19/09 05:30:00 PM,77632,0.232,3.43,,,,
829,12/19/09 06:00:00 PM,77659,0.232,3.43,,,,
830,12/19/09 06:30:00 PM,77659,0.232,3.43,,,,
831,12/19/09 07:00:00 PM,77673,0.232,3.43,,,,
832,12/19/09 07:30:00 PM,77659,0.232,3.43,,,,
833,12/19/09 08:00:00 PM,77659,0.232,3.43,,,,
834,12/19/09 08:30:00 PM,77673,0.232,3.43,,,,
835,12/19/09 09:00:00 PM,77700,0.232,3.43,,,,
836,12/19/09 09:30:00 PM,77714,0.232,3.43,,,,
837,12/19/09 10:00:00 PM,77728,0.232,3.43,,,,
838,12/19/09 10:30:00 PM,77742,0.232,3.43,,,,
839,12/19/09 11:00:00 PM,77742,0.232,3.43,,,,
840,12/19/09 11:30:00 PM,77728,0.232,3.43,,,,
841,12/20/09 12:00:00 AM,77714,0.232,3.43,,,,
842,12/20/09 12:30:00 AM,77728,0.232,3.43,,,,
843,12/20/09 01:00:00 AM,77714,0.232,3.43,,,,
844,12/20/09 01:30:00 AM,77728,0.232,3.43,,,,
845,12/20/09 02:00:00 AM,77742,0.232,3.43,,,,
846,12/20/09 02:30:00 AM,77728,0.232,3.43,,,,
847,12/20/09 03:00:00 AM,77728,0.232,3.43,,,,
848,12/20/09 03:30:00 AM,77714,0.232,3.43,,,,
849,12/20/09 04:00:00 AM,77714,0.232,3.43,,,,
850,12/20/09 04:30:00 AM,77714,0.232,3.43,,,,
851,12/20/09 05:00:00 AM,77714,0.232,3.43,,,,
852,12/20/09 05:30:00 AM,77687,0.232,3.43,,,,
853,12/20/09 06:00:00 AM,77714,0.232,3.43,,,,
854,12/20/09 06:30:00 AM,77742,0.232,3.43,,,,
855,12/20/09 07:00:00 AM,77742,0.232,3.43,,,,
856,12/20/09 07:30:00 AM,77755,0.232,3.43,,,,
857,12/20/09 08:00:00 AM,77783,0.232,3.43,,,,
858,12/20/09 08:30:00 AM,77796,0.232,3.43,,,,
859,12/20/09 09:00:00 AM,77810,0.232,3.43,,,,
860,12/20/09 09:30:00 AM,77837,0.232,3.43,,,,
861,12/20/09 10:00:00 AM,77824,0.232,3.43,,,,
862,12/20/09 10:30:00 AM,77824,0.232,3.43,,,,
863,12/20/09 11:00:00 AM,77796,0.232,3.43,,,,
864,12/20/09 11:30:00 AM,77742,0.232,3.43,,,,
865,12/20/09 12:00:00 PM,77728,0.232,3.43,,,,
866,12/20/09 12:30:00 PM,77673,0.232,3.43,,,,
867,12/20/09 01:00:00 PM,77659,0.232,3.43,,,,
868,12/20/09 01:30:00 PM,77646,0.232,3.43,,,,
869,12/20/09 02:00:00 PM,77646,0.232,3.43,,,,
870,12/20/09 02:30:00 PM,77632,0.121,3.43,,,,
871,12/20/09 03:00:00 PM,77646,0.121,3.43,,,,
872,12/20/09 03:30:00 PM,77646,0.232,3.43,,,,
873,12/20/09 04:00:00 PM,77646,0.232,3.43,,,,
874,12/20/09 04:30:00 PM,77659,0.232,3.43,,,,
875,12/20/09 05:00:00 PM,77673,0.232,3.43,,,,
876,12/20/09 05:30:00 PM,77687,0.232,3.43,,,,
877,12/20/09 06:00:00 PM,77701,0.121,3.43,,,,
878,12/20/09 06:30:00 PM,77687,0.121,3.43,,,,
879,12/20/09 07:00:00 PM,77673,0.121,3.43,,,,
880,12/20/09 07:30:00 PM,77660,0.121,3.43,,,,
881,12/20/09 08:00:00 PM,77632,0.121,3.43,,,,
882,12/20/09 08:30:00 PM,77619,0.121,3.43,,,,
883,12/20/09 09:00:00 PM,77618,0.232,3.43,,,,
884,12/20/09 09:30:00 PM,77605,0.121,3.43,,,,
885,12/20/09 10:00:00 PM,77591,0.121,3.43,,,,
886,12/20/09 10:30:00 PM,77578,0.121,3.43,,,,
887,12/20/09 11:00:00 PM,77564,0.121,3.43,,,,
888,12/20/09 11:30:00 PM,77523,0.121,3.43,,,,
889,12/21/09 12:00:00 AM,77495,0.121,3.43,,,,
890,12/21/09 12:30:00 AM,77468,0.121,3.43,,,,
891,12/21/09 01:00:00 AM,77441,0.121,3.43,,,,
892,12/21/09 01:30:00 AM,77413,0.121,3.43,,,,
893,12/21/09 02:00:00 AM,77441,0.121,3.43,,,,
894,12/21/09 02:30:00 AM,77386,0.121,3.43,,,,
895,12/21/09 03:00:00 AM,77372,0.121,3.43,,,,
896,12/21/09 03:30:00 AM,77317,0.121,3.43,,,,
897,12/21/09 04:00:00 AM,77262,0.121,3.43,,,,
898,12/21/09 04:30:00 AM,77262,0.121,3.43,,,,
899,12/21/09 05:00:00 AM,77249,0.121,3.43,,,,
900,12/21/09 05:30:00 AM,77235,0.121,3.43,,,,
901,12/21/09 06:00:00 AM,77262,0.121,3.43,,,,
902,12/21/09 06:30:00 AM,77262,0.121,3.43,,,,
903,12/21/09 07:00:00 AM,77262,0.121,3.43,,,,
904,12/21/09 07:30:00 AM,77249,0.121,3.43,,,,
905,12/21/09 08:00:00 AM,77235,0.121,3.43,,,,
906,12/21/09 08:30:00 AM,77221,0.121,3.43,,,,
907,12/21/09 09:00:00 AM,77208,0.121,3.43,,,,
908,12/21/09 09:30:00 AM,77221,0.121,3.43,,,,
909,12/21/09 10:00:00 AM,77194,0.121,3.43,,,,
910,12/21/09 10:30:00 AM,77153,0.121,3.43,,,,
911,12/21/09 11:00:00 AM,77098,0.121,3.43,,,,
912,12/21/09 11:30:00 AM,77043,0.121,3.43,,,,
913,12/21/09 12:00:00 PM,76989,0.121,3.43,,,,
914,12/21/09 12:30:00 PM,76934,0.121,3.43,,,,
915,12/21/09 01:00:00 PM,76865,0.121,3.43,,,,
916,12/21/09 01:30:00 PM,76783,0.121,3.43,,,,
917,12/21/09 02:00:00 PM,76742,0.121,3.43,,,,
918,12/21/09 02:30:00 PM,76687,0.121,3.43,,,,
919,12/21/09 03:00:00 PM,76619,0.121,3.43,,,,
920,12/21/09 03:30:00 PM,76550,0.121,3.43,,,,
921,12/21/09 04:00:00 PM,76372,0.121,3.43,,,,
922,12/21/09 04:30:00 PM,75811,0.121,3.43,,,,
923,12/21/09 05:00:00 PM,74976,0.121,3.43,,,,
924,12/21/09 05:30:00 PM,74483,0.121,3.43,,,,
925,12/21/09 06:00:00 PM,74633,0.232,3.43,,,,
926,12/21/09 06:30:00 PM,74469,0.232,3.43,,,,
927,12/21/09 07:00:00 PM,74414,0.232,3.43,,,,
928,12/21/09 07:30:00 PM,74345,0.232,3.43,,,,
929,12/21/09 08:00:00 PM,74263,0.232,3.43,,,,
930,12/21/09 08:30:00 PM,74209,0.232,3.43,,,,
931,12/21/09 09:00:00 PM,74126,0.232,3.43,,,,
932,12/21/09 09:30:00 PM,74099,0.232,3.43,,,,
933,12/21/09 10:00:00 PM,74058,0.232,3.43,,,,
934,12/21/09 10:30:00 PM,74031,0.232,3.43,,,,
935,12/21/09 11:00:00 PM,74003,0.232,3.43,,,,
936,12/21/09 11:30:00 PM,73962,0.232,3.43,,,,
937,12/22/09 12:00:00 AM,73907,0.232,3.43,,,,
938,12/22/09 12:30:00 AM,73880,0.343,3.43,,,,
939,12/22/09 01:00:00 AM,73838,0.343,3.43,,,,
940,12/22/09 01:30:00 AM,73838,0.343,3.43,,,,
941,12/22/09 02:00:00 AM,73811,0.343,3.43,,,,
942,12/22/09 02:30:00 AM,73811,0.343,3.43,,,,
943,12/22/09 03:00:00 AM,73797,0.343,3.43,,,,
944,12/22/09 03:30:00 AM,73797,0.343,3.43,,,,
945,12/22/09 04:00:00 AM,73756,0.343,3.43,,,,
946,12/22/09 04:30:00 AM,73729,0.343,3.43,,,,
947,12/22/09 05:00:00 AM,73715,0.343,3.43,,,,
948,12/22/09 05:30:00 AM,73702,0.343,3.43,,,,
949,12/22/09 06:00:00 AM,73688,0.343,3.43,,,,
950,12/22/09 06:30:00 AM,73702,0.343,3.43,,,,
951,12/22/09 07:00:00 AM,73661,0.343,3.43,,,,
952,12/22/09 07:30:00 AM,73619,0.343,3.43,,,,
953,12/22/09 08:00:00 AM,73606,0.343,3.43,,,,
954,12/22/09 08:30:00 AM,73578,0.343,3.43,,,,
955,12/22/09 09:00:00 AM,73537,0.343,3.43,,,,
956,12/22/09 09:30:00 AM,73537,0.343,3.43,,,,
957,12/22/09 10:00:00 AM,73469,0.343,3.43,,,,
958,12/22/09 10:30:00 AM,73442,0.343,3.43,,,,
959,12/22/09 11:00:00 AM,73414,0.343,3.43,,,,
960,12/22/09 11:30:00 AM,73359,0.343,3.43,,,,
961,12/22/09 12:00:00 PM,73277,0.343,3.43,,,,
962,12/22/09 12:30:00 PM,73250,0.343,3.43,,,,
963,12/22/09 01:00:00 PM,73209,0.343,3.43,,,,
964,12/22/09 01:30:00 PM,73140,0.343,3.43,,,,
965,12/22/09 02:00:00 PM,73127,0.343,3.43,,,,
966,12/22/09 02:30:00 PM,73113,0.343,3.43,,,,
967,12/22/09 03:00:00 PM,73086,0.343,3.43,,,,
968,12/22/09 03:30:00 PM,73058,0.343,3.43,,,,
969,12/22/09 04:00:00 PM,73045,0.343,3.43,,,,
970,12/22/09 04:30:00 PM,73031,0.343,3.43,,,,
971,12/22/09 05:00:00 PM,73031,0.232,3.43,,,,
972,12/22/09 05:30:00 PM,73004,0.232,3.43,,,,
973,12/22/09 06:00:00 PM,73004,0.232,3.43,,,,
974,12/22/09 06:30:00 PM,73018,0.232,3.43,,,,
975,12/22/09 07:00:00 PM,73018,0.232,3.43,,,,
976,12/22/09 07:30:00 PM,72977,0.232,3.43,,,,
977,12/22/09 08:00:00 PM,72990,0.232,3.43,,,,
978,12/22/09 08:30:00 PM,72949,0.232,3.43,,,,
979,12/22/09 09:00:00 PM,72963,0.232,3.43,,,,
980,12/22/09 09:30:00 PM,72936,0.232,3.43,,,,
981,12/22/09 10:00:00 PM,72895,0.232,3.43,,,,
982,12/22/09 10:30:00 PM,72895,0.232,3.43,,,,
983,12/22/09 11:00:00 PM,72908,0.232,3.43,,,,
984,12/22/09 11:30:00 PM,72908,0.232,3.43,,,,
985,12/23/09 12:00:00 AM,72881,0.232,3.43,,,,
986,12/23/09 12:30:00 AM,72867,0.232,3.43,,,,
987,12/23/09 01:00:00 AM,72854,0.232,3.43,,,,
988,12/23/09 01:30:00 AM,72840,0.232,3.43,,,,
989,12/23/09 02:00:00 AM,72854,0.232,3.43,,,,
990,12/23/09 02:30:00 AM,72854,0.232,3.43,,,,
991,12/23/09 03:00:00 AM,72867,0.232,3.43,,,,
992,12/23/09 03:30:00 AM,72881,0.232,3.43,,,,
993,12/23/09 04:00:00 AM,72867,0.232,3.43,,,,
994,12/23/09 04:30:00 AM,72867,0.232,3.43,,,,
995,12/23/09 05:00:00 AM,72826,0.232,3.43,,,,
996,12/23/09 05:30:00 AM,72758,0.232,3.43,,,,
997,12/23/09 06:00:00 AM,72826,0.232,3.43,,,,
998,12/23/09 06:30:00 AM,72854,0.232,3.43,,,,
999,12/23/09 07:00:00 AM,72840,0.232,3.43,,,,
1000,12/23/09 07:30:00 AM,72826,0.232,3.43,,,,
1001,12/23/09 08:00:00 AM,72854,0.232,3.43,,,,
1002,12/23/09 08:30:00 AM,72880,0.343,3.43,,,,
1003,12/23/09 09:00:00 AM,72867,0.232,3.43,,,,
1004,12/23/09 09:30:00 AM,72908,0.232,3.43,,,,
1005,12/23/09 10:00:00 AM,72949,0.343,3.43,,,,
1006,12/23/09 10:30:00 AM,72949,0.232,3.43,,,,
1007,12/23/09 11:00:00 AM,72936,0.232,3.43,,,,
1008,12/23/09 11:30:00 AM,72921,0.343,3.43,,,,
1009,12/23/09 12:00:00 PM,72908,0.343,3.43,,,,
1010,12/23/09 12:30:00 PM,72880,0.343,3.43,,,,
1011,12/23/09 01:00:00 PM,72867,0.343,3.43,,,,
1012,12/23/09 01:30:00 PM,72894,0.343,3.43,,,,
1013,12/23/09 02:00:00 PM,72908,0.343,3.43,,,,
1014,12/23/09 02:30:00 PM,72935,0.343,3.43,,,,
1015,12/23/09 03:00:00 PM,72976,0.343,3.43,,,,
1016,12/23/09 03:30:00 PM,73004,0.343,3.43,,,,
1017,12/23/09 04:00:00 PM,73031,0.343,3.43,,,,
1018,12/23/09 04:30:00 PM,73072,0.343,3.43,,,,
1019,12/23/09 05:00:00 PM,73099,0.343,3.43,,,,
1020,12/23/09 05:30:00 PM,73127,0.343,3.43,,,,
1021,12/23/09 06:00:00 PM,73168,0.343,3.43,,,,
1022,12/23/09 06:30:00 PM,73168,0.343,3.43,,,,
1023,12/23/09 07:00:00 PM,73209,0.343,3.43,,,,
1024,12/23/09 07:30:00 PM,73236,0.343,3.43,,,,
1025,12/23/09 08:00:00 PM,73250,0.343,3.43,,,,
1026,12/23/09 08:30:00 PM,73277,0.343,3.43,,,,
1027,12/23/09 09:00:00 PM,73277,0.343,3.43,,,,
1028,12/23/09 09:30:00 PM,73318,0.343,3.43,,,,
1029,12/23/09 10:00:00 PM,73332,0.343,3.43,,,,
1030,12/23/09 10:30:00 PM,73346,0.343,3.43,,,,
1031,12/23/09 11:00:00 PM,73346,0.343,3.43,,,,
1032,12/23/09 11:30:00 PM,73332,0.343,3.43,,,,
1033,12/24/09 12:00:00 AM,73346,0.343,3.43,,,,
1034,12/24/09 12:30:00 AM,73346,0.343,3.43,,,,
1035,12/24/09 01:00:00 AM,73373,0.343,3.43,,,,
1036,12/24/09 01:30:00 AM,73373,0.343,3.43,,,,
1037,12/24/09 02:00:00 AM,73414,0.343,3.43,,,,
1038,12/24/09 02:30:00 AM,73414,0.343,3.43,,,,
1039,12/24/09 03:00:00 AM,73428,0.343,3.43,,,,
1040,12/24/09 03:30:00 AM,73414,0.343,3.43,,,,
1041,12/24/09 04:00:00 AM,73414,0.343,3.43,,,,
1042,12/24/09 04:30:00 AM,73414,0.343,3.43,,,,
1043,12/24/09 05:00:00 AM,73428,0.343,3.43,,,,
1044,12/24/09 05:30:00 AM,73469,0.343,3.43,,,,
1045,12/24/09 06:00:00 AM,73496,0.343,3.43,,,,
1046,12/24/09 06:30:00 AM,73496,0.343,3.43,,,,
1047,12/24/09 07:00:00 AM,73510,0.343,3.43,,,,
1048,12/24/09 07:30:00 AM,73524,0.343,3.43,,,,
1049,12/24/09 08:00:00 AM,73565,0.343,3.43,,,,
1050,12/24/09 08:30:00 AM,73578,0.343,3.43,,,,
1051,12/24/09 09:00:00 AM,73592,0.343,3.43,,,,
1052,12/24/09 09:30:00 AM,73606,0.343,3.43,,,,
1053,12/24/09 10:00:00 AM,73633,0.343,3.43,,,,
1054,12/24/09 10:30:00 AM,73647,0.343,3.43,,,,
1055,12/24/09 11:00:00 AM,73647,0.343,3.43,,,,
1056,12/24/09 11:30:00 AM,73647,0.343,3.43,,,,
1057,12/24/09 12:00:00 PM,73619,0.343,3.43,,,,
1058,12/24/09 12:30:00 PM,73578,0.343,3.43,,,,
1059,12/24/09 01:00:00 PM,73578,0.343,3.43,,,,
1060,12/24/09 01:30:00 PM,73565,0.343,3.43,,,,
1061,12/24/09 02:00:00 PM,73592,0.343,3.43,,,,
1062,12/24/09 02:30:00 PM,73592,0.343,3.43,,,,
1063,12/24/09 03:00:00 PM,73592,0.343,3.43,,,,
1064,12/24/09 03:30:00 PM,73592,0.343,3.43,,,,
1065,12/24/09 04:00:00 PM,73606,0.343,3.43,,,,
1066,12/24/09 04:30:00 PM,73633,0.343,3.43,,,,
1067,12/24/09 05:00:00 PM,73647,0.343,3.43,,,,
1068,12/24/09 05:30:00 PM,73633,0.343,3.43,,,,
1069,12/24/09 06:00:00 PM,73619,0.343,3.43,,,,
1070,12/24/09 06:30:00 PM,73619,0.343,3.43,,,,
1071,12/24/09 07:00:00 PM,73633,0.343,3.43,,,,
1072,12/24/09 07:30:00 PM,73606,0.343,3.43,,,,
1073,12/24/09 08:00:00 PM,73619,0.343,3.43,,,,
1074,12/24/09 08:30:00 PM,73619,0.343,3.43,,,,
1075,12/24/09 09:00:00 PM,73592,0.343,3.43,,,,
1076,12/24/09 09:30:00 PM,73565,0.343,3.43,,,,
1077,12/24/09 10:00:00 PM,73524,0.343,3.43,,,,
1078,12/24/09 10:30:00 PM,73524,0.343,3.43,,,,
1079,12/24/09 11:00:00 PM,73496,0.343,3.43,,,,
1080,12/24/09 11:30:00 PM,73483,0.343,3.43,,,,
1081,12/25/09 12:00:00 AM,73469,0.343,3.43,,,,
1082,12/25/09 12:30:00 AM,73428,0.343,3.43,,,,
1083,12/25/09 01:00:00 AM,73442,0.343,3.43,,,,
1084,12/25/09 01:30:00 AM,73400,0.343,3.43,,,,
1085,12/25/09 02:00:00 AM,73401,0.232,3.43,,,,
1086,12/25/09 02:30:00 AM,73346,0.232,3.43,,,,
1087,12/25/09 03:00:00 AM,73346,0.232,3.43,,,,
1088,12/25/09 03:30:00 AM,73333,0.232,3.43,,,,
1089,12/25/09 04:00:00 AM,73333,0.232,3.43,,,,
1090,12/25/09 04:30:00 AM,73319,0.232,3.43,,,,
1091,12/25/09 05:00:00 AM,73278,0.232,3.43,,,,
1092,12/25/09 05:30:00 AM,73305,0.232,3.43,,,,
1093,12/25/09 06:00:00 AM,73305,0.232,3.43,,,,
1094,12/25/09 06:30:00 AM,73278,0.232,3.43,,,,
1095,12/25/09 07:00:00 AM,73305,0.232,3.43,,,,
1096,12/25/09 07:30:00 AM,73306,0.121,3.43,,,,
1097,12/25/09 08:00:00 AM,73306,0.121,3.43,,,,
1098,12/25/09 08:30:00 AM,73333,0.121,3.43,,,,
1099,12/25/09 09:00:00 AM,73360,0.121,3.43,,,,
1100,12/25/09 09:30:00 AM,73374,0.121,3.43,,,,
1101,12/25/09 10:00:00 AM,73388,0.121,3.43,,,,
1102,12/25/09 10:30:00 AM,73401,0.121,3.43,,,,
1103,12/25/09 11:00:00 AM,73374,0.121,3.43,,,,
1104,12/25/09 11:30:00 AM,73347,0.121,3.43,,,,
1105,12/25/09 12:00:00 PM,73347,0.121,3.43,,,,
1106,12/25/09 12:30:00 PM,73319,0.121,3.43,,,,
1107,12/25/09 01:00:00 PM,73292,0.121,3.43,,,,
1108,12/25/09 01:30:00 PM,73278,0.121,3.43,,,,
1109,12/25/09 02:00:00 PM,73251,0.121,3.43,,,,
1110,12/25/09 02:30:00 PM,73278,0.121,3.43,,,,
1111,12/25/09 03:00:00 PM,73278,0.121,3.43,,,,
1112,12/25/09 03:30:00 PM,73306,0.121,3.43,,,,
1113,12/25/09 04:00:00 PM,73292,0.121,3.43,,,,
1114,12/25/09 04:30:00 PM,73278,0.121,3.43,,,,
1115,12/25/09 05:00:00 PM,73292,0.121,3.43,,,,
1116,12/25/09 05:30:00 PM,73306,0.121,3.43,,,,
1117,12/25/09 06:00:00 PM,73333,0.121,3.43,,,,
1118,12/25/09 06:30:00 PM,73360,0.121,3.43,,,,
1119,12/25/09 07:00:00 PM,73347,0.121,3.43,,,,
1120,12/25/09 07:30:00 PM,73347,0.121,3.43,,,,
1121,12/25/09 08:00:00 PM,73360,0.121,3.43,,,,
1122,12/25/09 08:30:00 PM,73374,0.121,3.43,,,,
1123,12/25/09 09:00:00 PM,73388,0.121,3.43,,,,
1124,12/25/09 09:30:00 PM,73360,0.121,3.43,,,,
1125,12/25/09 10:00:00 PM,73374,0.121,3.43,,,,
1126,12/25/09 10:30:00 PM,73388,0.121,3.43,,,,
1127,12/25/09 11:00:00 PM,73415,0.121,3.43,,,,
1128,12/25/09 11:30:00 PM,73388,0.121,3.43,,,,
1129,12/26/09 12:00:00 AM,73401,0.121,3.43,,,,
1130,12/26/09 12:30:00 AM,73401,0.121,3.43,,,,
1131,12/26/09 01:00:00 AM,73388,0.121,3.43,,,,
1132,12/26/09 01:30:00 AM,73415,0.121,3.43,,,,
1133,12/26/09 02:00:00 AM,73415,0.121,3.43,,,,
1134,12/26/09 02:30:00 AM,73415,0.121,3.43,,,,
1135,12/26/09 03:00:00 AM,73442,0.121,3.43,,,,
1136,12/26/09 03:30:00 AM,73429,0.121,3.43,,,,
1137,12/26/09 04:00:00 AM,73415,0.121,3.43,,,,
1138,12/26/09 04:30:00 AM,73429,0.121,3.43,,,,
1139,12/26/09 05:00:00 AM,73442,0.121,3.43,,,,
1140,12/26/09 05:30:00 AM,73470,0.121,3.43,,,,
1141,12/26/09 06:00:00 AM,73497,0.121,3.43,,,,
1142,12/26/09 06:30:00 AM,73497,0.121,3.43,,,,
1143,12/26/09 07:00:00 AM,73538,0.121,3.43,,,,
1144,12/26/09 07:30:00 AM,73552,0.121,3.43,,,,
1145,12/26/09 08:00:00 AM,73566,0.121,3.43,,,,
1146,12/26/09 08:30:00 AM,73593,0.121,3.43,,,,
1147,12/26/09 09:00:00 AM,73607,0.121,3.43,,,,
1148,12/26/09 09:30:00 AM,73634,0.121,3.43,,,,
1149,12/26/09 10:00:00 AM,73648,0.121,3.43,,,,
1150,12/26/09 10:30:00 AM,73661,0.121,3.43,,,,
1151,12/26/09 11:00:00 AM,73661,0.121,3.43,,,,
1152,12/26/09 11:30:00 AM,73634,0.121,3.43,,,,
1153,12/26/09 12:00:00 PM,73634,0.121,3.43,,,,
1154,12/26/09 12:30:00 PM,73620,0.121,3.43,,,,
1155,12/26/09 01:00:00 PM,73607,0.121,3.43,,,,
1156,12/26/09 01:30:00 PM,73607,0.121,3.43,,,,
1157,12/26/09 02:00:00 PM,73620,0.121,3.43,,,,
1158,12/26/09 02:30:00 PM,73634,0.121,3.43,,,,
1159,12/26/09 03:00:00 PM,73661,0.121,3.43,,,,
1160,12/26/09 03:30:00 PM,73689,0.121,3.43,,,,
1161,12/26/09 04:00:00 PM,73703,0.121,3.43,,,,
1162,12/26/09 04:30:00 PM,73703,0.121,3.43,,,,
1163,12/26/09 05:00:00 PM,73730,0.121,3.43,,,,
1164,12/26/09 05:30:00 PM,73744,0.121,3.43,,,,
1165,12/26/09 06:00:00 PM,73771,0.121,3.43,,,,
1166,12/26/09 06:30:00 PM,73798,0.121,3.43,,,,
1167,12/26/09 07:00:00 PM,73812,0.121,3.43,,,,
1168,12/26/09 07:30:00 PM,73839,0.121,3.43,,,,
1169,12/26/09 08:00:00 PM,73853,0.121,3.43,,,,
1170,12/26/09 08:30:00 PM,73867,0.121,3.43,,,,
1171,12/26/09 09:00:00 PM,73894,0.121,3.43,,,,
1172,12/26/09 09:30:00 PM,73908,0.121,3.43,,,,
1173,12/26/09 10:00:00 PM,73949,0.121,3.43,,,,
1174,12/26/09 10:30:00 PM,73935,0.121,3.43,,,,
1175,12/26/09 11:00:00 PM,73949,0.121,3.43,,,,
1176,12/26/09 11:30:00 PM,73949,0.121,3.43,,,,
1177,12/27/09 12:00:00 AM,73949,0.121,3.43,,,,
1178,12/27/09 12:30:00 AM,73922,0.121,3.43,,,,
1179,12/27/09 01:00:00 AM,73894,0.121,3.43,,,,
1180,12/27/09 01:30:00 AM,73894,0.121,3.43,,,,
1181,12/27/09 02:00:00 AM,73908,0.121,3.43,,,,
1182,12/27/09 02:30:00 AM,73935,0.121,3.43,,,,
1183,12/27/09 03:00:00 AM,73922,0.121,3.43,,,,
1184,12/27/09 03:30:00 AM,73935,0.121,3.43,,,,
1185,12/27/09 04:00:00 AM,73922,0.121,3.43,,,,
1186,12/27/09 04:30:00 AM,73922,0.121,3.43,,,,
1187,12/27/09 05:00:00 AM,73922,0.121,3.43,,,,
1188,12/27/09 05:30:00 AM,73935,0.121,3.43,,,,
1189,12/27/09 06:00:00 AM,73949,0.121,3.43,,,,
1190,12/27/09 06:30:00 AM,73976,0.121,3.43,,,,
1191,12/27/09 07:00:00 AM,73963,0.121,3.43,,,,
1192,12/27/09 07:30:00 AM,73976,0.121,3.43,,,,
1193,12/27/09 08:00:00 AM,74004,0.121,3.43,,,,
1194,12/27/09 08:30:00 AM,74017,0.121,3.43,,,,
1195,12/27/09 09:00:00 AM,74045,0.121,3.43,,,,
1196,12/27/09 09:30:00 AM,74058,0.121,3.43,,,,
1197,12/27/09 10:00:00 AM,74086,0.121,3.43,,,,
1198,12/27/09 10:30:00 AM,74086,0.121,3.43,,,,
1199,12/27/09 11:00:00 AM,74086,0.121,3.43,,,,
1200,12/27/09 11:30:00 AM,74045,0.121,3.43,,,,
1201,12/27/09 12:00:00 PM,74031,0.121,3.43,,,,
1202,12/27/09 12:30:00 PM,74004,0.121,3.43,,,,
1203,12/27/09 01:00:00 PM,73976,0.121,3.43,,,,
1204,12/27/09 01:30:00 PM,73976,0.121,3.43,,,,
1205,12/27/09 02:00:00 PM,73990,0.121,3.43,,,,
1206,12/27/09 02:30:00 PM,74004,0.121,3.43,,,,
1207,12/27/09 03:00:00 PM,74031,0.121,3.43,,,,
1208,12/27/09 03:30:00 PM,74058,0.121,3.43,,,,
1209,12/27/09 04:00:00 PM,74072,0.121,3.43,,,,
1210,12/27/09 04:30:00 PM,74127,0.121,3.43,,,,
1211,12/27/09 05:00:00 PM,74141,0.121,3.43,,,,
1212,12/27/09 05:30:00 PM,74182,0.121,3.43,,,,
1213,12/27/09 06:00:00 PM,74209,0.121,3.43,,,,
1214,12/27/09 06:30:00 PM,74250,0.121,3.43,,,,
1215,12/27/09 07:00:00 PM,74305,0.121,3.43,,,,
1216,12/27/09 07:30:00 PM,74332,0.121,3.43,,,,
1217,12/27/09 08:00:00 PM,74332,0.121,3.43,,,,
1218,12/27/09 08:30:00 PM,74332,0.121,3.43,,,,
1219,12/27/09 09:00:00 PM,74346,0.121,3.43,,,,
1220,12/27/09 09:30:00 PM,74360,0.121,3.43,,,,
1221,12/27/09 10:00:00 PM,74401,0.121,3.43,,,,
1222,12/27/09 10:30:00 PM,74442,0.121,3.43,,,,
1223,12/27/09 11:00:00 PM,74428,0.121,3.43,,,,
1224,12/27/09 11:30:00 PM,74428,0.121,3.43,,,,
1225,12/28/09 12:00:00 AM,74414,0.121,3.43,,,,
1226,12/28/09 12:30:00 AM,74428,0.121,3.43,,,,
1227,12/28/09 01:00:00 AM,74414,0.121,3.43,,,,
1228,12/28/09 01:30:00 AM,74414,0.121,3.43,,,,
1229,12/28/09 02:00:00 AM,74469,0.121,3.43,,,,
1230,12/28/09 02:30:00 AM,74496,0.121,3.43,,,,
1231,12/28/09 03:00:00 AM,74510,0.121,3.43,,,,
1232,12/28/09 03:30:00 AM,74524,0.121,3.43,,,,
1233,12/28/09 04:00:00 AM,74510,0.121,3.43,,,,
1234,12/28/09 04:30:00 AM,74524,0.121,3.43,,,,
1235,12/28/09 05:00:00 AM,74524,0.121,3.43,,,,
1236,12/28/09 05:30:00 AM,74537,0.121,3.43,,,,
1237,12/28/09 06:00:00 AM,74524,0.121,3.43,,,,
1238,12/28/09 06:30:00 AM,74537,0.121,3.43,,,,
1239,12/28/09 07:00:00 AM,74565,0.121,3.43,,,,
1240,12/28/09 07:30:00 AM,74551,0.121,3.43,,,,
1241,12/28/09 08:00:00 AM,74592,0.121,3.43,,,,
1242,12/28/09 08:30:00 AM,74620,0.121,3.43,,,,
1243,12/28/09 09:00:00 AM,74633,0.121,3.43,,,,
1244,12/28/09 09:30:00 AM,74661,0.121,3.43,,,,
1245,12/28/09 10:00:00 AM,74688,0.121,3.43,,,,
1246,12/28/09 10:30:00 AM,74633,0.121,3.43,,,,
1247,12/28/09 11:00:00 AM,74606,0.121,3.43,,,,
1248,12/28/09 11:30:00 AM,74579,0.121,3.43,,,,
1249,12/28/09 12:00:00 PM,74524,0.121,3.43,,,,
1250,12/28/09 12:30:00 PM,74483,0.121,3.43,,,,
1251,12/28/09 01:00:00 PM,74455,0.121,3.43,,,,
1252,12/28/09 01:30:00 PM,74442,0.121,3.43,,,,
1253,12/28/09 02:00:00 PM,74387,0.121,3.43,,,,
1254,12/28/09 02:30:00 PM,74387,0.121,3.43,,,,
1255,12/28/09 03:00:00 PM,74387,0.121,3.43,,,,
1256,12/28/09 03:30:00 PM,74414,0.121,3.43,,,,
1257,12/28/09 04:00:00 PM,74401,0.121,3.43,,,,
1258,12/28/09 04:30:00 PM,74414,0.121,3.43,,,,
1259,12/28/09 05:00:00 PM,74401,0.121,3.43,,,,
1260,12/28/09 05:30:00 PM,74428,0.121,3.43,,,,
1261,12/28/09 06:00:00 PM,74428,0.121,3.43,,,,
1262,12/28/09 06:30:00 PM,74442,0.121,3.43,,,,
1263,12/28/09 07:00:00 PM,74442,0.121,3.43,,,,
1264,12/28/09 07:30:00 PM,74414,0.121,3.43,,,,
1265,12/28/09 08:00:00 PM,74428,0.121,3.43,,,,
1266,12/28/09 08:30:00 PM,74414,0.121,3.43,,,,
1267,12/28/09 09:00:00 PM,74373,0.121,3.43,,,,
1268,12/28/09 09:30:00 PM,74318,0.121,3.43,,,,
1269,12/28/09 10:00:00 PM,74346,0.121,3.43,,,,
1270,12/28/09 10:30:00 PM,74332,0.121,3.43,,,,
1271,12/28/09 11:00:00 PM,74318,0.121,3.43,,,,
1272,12/28/09 11:30:00 PM,74291,0.121,3.43,,,,
1273,12/29/09 12:00:00 AM,74291,0.121,3.43,,,,
1274,12/29/09 12:30:00 AM,74223,0.121,3.43,,,,
1275,12/29/09 01:00:00 AM,74195,0.121,3.43,,,,
1276,12/29/09 01:30:00 AM,74223,0.121,3.43,,,,
1277,12/29/09 02:00:00 AM,74182,0.121,3.43,,,,
1278,12/29/09 02:30:00 AM,74154,0.121,3.43,,,,
1279,12/29/09 03:00:00 AM,74141,0.121,3.43,,,,
1280,12/29/09 03:30:00 AM,74127,0.121,3.43,,,,
1281,12/29/09 04:00:00 AM,74058,0.121,3.43,,,,
1282,12/29/09 04:30:00 AM,74031,0.121,3.43,,,,
1283,12/29/09 05:00:00 AM,74004,0.121,3.43,,,,
1284,12/29/09 05:30:00 AM,73990,0.121,3.43,,,,
1285,12/29/09 06:00:00 AM,73990,0.121,3.43,,,,
1286,12/29/09 06:30:00 AM,74004,0.121,3.43,,,,
1287,12/29/09 07:00:00 AM,73990,0.121,3.43,,,,
1288,12/29/09 07:30:00 AM,73976,0.121,3.43,,,,
1289,12/29/09 08:00:00 AM,73976,0.121,3.43,,,,
1290,12/29/09 08:30:00 AM,73990,0.121,3.43,,,,
1291,12/29/09 09:00:00 AM,73963,0.121,3.43,,,,
1292,12/29/09 09:30:00 AM,73963,0.121,3.43,,,,
1293,12/29/09 10:00:00 AM,73963,0.121,3.43,,,,
1294,12/29/09 10:30:00 AM,73949,0.121,3.43,,,,
1295,12/29/09 11:00:00 AM,73922,0.121,3.43,,,,
1296,12/29/09 11:30:00 AM,73867,0.121,3.43,,,,
1297,12/29/09 12:00:00 PM,73826,0.121,3.43,,,,
1298,12/29/09 12:30:00 PM,73757,0.121,3.43,,,,
1299,12/29/09 01:00:00 PM,73744,0.121,3.43,,,,
1300,12/29/09 01:30:00 PM,73703,0.121,3.43,,,,
1301,12/29/09 02:00:00 PM,73675,0.121,3.43,,,,
1302,12/29/09 02:30:00 PM,73675,0.232,3.43,,,,
1303,12/29/09 03:00:00 PM,73675,0.121,3.43,,,,
1304,12/29/09 03:30:00 PM,73661,0.121,3.43,,,,
1305,12/29/09 04:00:00 PM,73688,0.232,3.43,,,,
1306,12/29/09 04:30:00 PM,73688,0.232,3.43,,,,
1307,12/29/09 05:00:00 PM,73702,0.232,3.43,,,,
1308,12/29/09 05:30:00 PM,73702,0.232,3.43,,,,
1309,12/29/09 06:00:00 PM,73703,0.121,3.43,,,,
1310,12/29/09 06:30:00 PM,73716,0.232,3.43,,,,
1311,12/29/09 07:00:00 PM,73688,0.232,3.43,,,,
1312,12/29/09 07:30:00 PM,73716,0.232,3.43,,,,
1313,12/29/09 08:00:00 PM,73716,0.121,3.43,,,,
1314,12/29/09 08:30:00 PM,73729,0.232,3.43,,,,
1315,12/29/09 09:00:00 PM,73729,0.232,3.43,,,,
1316,12/29/09 09:30:00 PM,73729,0.232,3.43,,,,
1317,12/29/09 10:00:00 PM,73757,0.232,3.43,,,,
1318,12/29/09 10:30:00 PM,73770,0.232,3.43,,,,
1319,12/29/09 11:00:00 PM,73770,0.232,3.43,,,,
1320,12/29/09 11:30:00 PM,73757,0.232,3.43,,,,
1321,12/30/09 12:00:00 AM,73743,0.232,3.43,,,,
1322,12/30/09 12:30:00 AM,73716,0.232,3.43,,,,
1323,12/30/09 01:00:00 AM,73675,0.232,3.43,,,,
1324,12/30/09 01:30:00 AM,73702,0.232,3.43,,,,
1325,12/30/09 02:00:00 AM,73702,0.232,3.43,,,,
1326,12/30/09 02:30:00 AM,73716,0.232,3.43,,,,
1327,12/30/09 03:00:00 AM,73702,0.232,3.43,,,,
1328,12/30/09 03:30:00 AM,73688,0.232,3.43,,,,
1329,12/30/09 04:00:00 AM,73702,0.232,3.43,,,,
1330,12/30/09 04:30:00 AM,73688,0.232,3.43,,,,
1331,12/30/09 05:00:00 AM,73702,0.232,3.43,,,,
1332,12/30/09 05:30:00 AM,73729,0.232,3.43,,,,
1333,12/30/09 06:00:00 AM,73757,0.232,3.43,,,,
1334,12/30/09 06:30:00 AM,73743,0.232,3.43,,,,
1335,12/30/09 07:00:00 AM,73784,0.232,3.43,,,,
1336,12/30/09 07:30:00 AM,73784,0.232,3.43,,,,
1337,12/30/09 08:00:00 AM,73798,0.232,3.43,,,,
1338,12/30/09 08:30:00 AM,73812,0.232,3.43,,,,
1339,12/30/09 09:00:00 AM,73825,0.232,3.43,,,,
1340,12/30/09 09:30:00 AM,73853,0.232,3.43,,,,
1341,12/30/09 10:00:00 AM,73866,0.232,3.43,,,,
1342,12/30/09 10:30:00 AM,73866,0.232,3.43,,,,
1343,12/30/09 11:00:00 AM,73825,0.232,3.43,,,,
1344,12/30/09 11:30:00 AM,73784,0.232,3.43,,,,
1345,12/30/09 12:00:00 PM,73702,0.232,3.43,,,,
1346,12/30/09 12:30:00 PM,73688,0.232,3.43,,,,
1347,12/30/09 01:00:00 PM,73620,0.232,3.43,,,,
1348,12/30/09 01:30:00 PM,73620,0.232,3.43,,,,
1349,12/30/09 02:00:00 PM,73634,0.232,3.43,,,,
1350,12/30/09 02:30:00 PM,73634,0.232,3.43,,,,
1351,12/30/09 03:00:00 PM,73634,0.232,3.43,,,,
1352,12/30/09 03:30:00 PM,73620,0.232,3.43,,,,
1353,12/30/09 04:00:00 PM,73634,0.232,3.43,,,,
1354,12/30/09 04:30:00 PM,73647,0.232,3.43,,,,
1355,12/30/09 05:00:00 PM,73647,0.232,3.43,,,,
1356,12/30/09 05:30:00 PM,73647,0.232,3.43,,,,
1357,12/30/09 06:00:00 PM,73675,0.232,3.43,,,,
1358,12/30/09 06:30:00 PM,73647,0.232,3.43,,,,
1359,12/30/09 07:00:00 PM,73634,0.232,3.43,,,,
1360,12/30/09 07:30:00 PM,73647,0.232,3.43,,,,
1361,12/30/09 08:00:00 PM,73647,0.232,3.43,,,,
1362,12/30/09 08:30:00 PM,73647,0.232,3.43,,,,
1363,12/30/09 09:00:00 PM,73647,0.232,3.43,,,,
1364,12/30/09 09:30:00 PM,73647,0.232,3.43,,,,
1365,12/30/09 10:00:00 PM,73647,0.232,3.43,,,,
1366,12/30/09 10:30:00 PM,73634,0.232,3.43,,,,
1367,12/30/09 11:00:00 PM,73647,0.232,3.43,,,,
1368,12/30/09 11:30:00 PM,73647,0.232,3.43,,,,
1369,12/31/09 12:00:00 AM,73620,0.232,3.43,,,,
1370,12/31/09 12:30:00 AM,73634,0.232,3.43,,,,
1371,12/31/09 01:00:00 AM,73634,0.232,3.43,,,,
1372,12/31/09 01:30:00 AM,73661,0.232,3.43,,,,
1373,12/31/09 02:00:00 AM,73675,0.232,3.43,,,,
1374,12/31/09 02:30:00 AM,73716,0.232,3.43,,,,
1375,12/31/09 03:00:00 AM,73743,0.232,3.43,,,,
1376,12/31/09 03:30:00 AM,73784,0.232,3.43,,,,
1377,12/31/09 04:00:00 AM,73812,0.232,3.43,,,,
1378,12/31/09 04:30:00 AM,73812,0.232,3.43,,,,
1379,12/31/09 05:00:00 AM,73866,0.232,3.43,,,,
1380,12/31/09 05:30:00 AM,73907,0.232,3.43,,,,
1381,12/31/09 06:00:00 AM,73962,0.232,3.43,,,,
1382,12/31/09 06:30:00 AM,74003,0.232,3.43,,,,
1383,12/31/09 07:00:00 AM,74085,0.232,3.43,,,,
1384,12/31/09 07:30:00 AM,74126,0.232,3.43,,,,
1385,12/31/09 08:00:00 AM,74195,0.232,3.43,,,,
1386,12/31/09 08:30:00 AM,74263,0.232,3.43,,,,
1387,12/31/09 09:00:00 AM,74304,0.232,3.43,,,,
1388,12/31/09 09:30:00 AM,74373,0.232,3.43,,,,
1389,12/31/09 10:00:00 AM,74400,0.232,3.43,,,,
1390,12/31/09 10:30:00 AM,74414,0.232,3.43,,,,
1391,12/31/09 11:00:00 AM,74455,0.232,3.43,,,,
1392,12/31/09 11:30:00 AM,74441,0.232,3.43,,,,
1393,12/31/09 12:00:00 PM,74414,0.232,3.43,,,,
1394,12/31/09 12:30:00 PM,74441,0.232,3.43,,,,
1395,12/31/09 01:00:00 PM,74441,0.232,3.43,,,,
1396,12/31/09 01:30:00 PM,74414,0.232,3.43,,,,
1397,12/31/09 02:00:00 PM,74441,0.232,3.43,,,,
1398,12/31/09 02:30:00 PM,74441,0.232,3.43,,,,
1399,12/31/09 03:00:00 PM,74482,0.232,3.43,,,,
1400,12/31/09 03:30:00 PM,74496,0.232,3.43,,,,
1401,12/31/09 04:00:00 PM,74523,0.232,3.43,,,,
1402,12/31/09 04:30:00 PM,74578,0.232,3.43,,,,
1403,12/31/09 05:00:00 PM,74592,0.232,3.43,,,,
1404,12/31/09 05:30:00 PM,74633,0.232,3.43,,,,
1405,12/31/09 06:00:00 PM,74660,0.232,3.43,,,,
1406,12/31/09 06:30:00 PM,74688,0.232,3.43,,,,
1407,12/31/09 07:00:00 PM,74701,0.232,3.43,,,,
1408,12/31/09 07:30:00 PM,74729,0.232,3.43,,,,
1409,12/31/09 08:00:00 PM,74729,0.232,3.43,,,,
1410,12/31/09 08:30:00 PM,74742,0.232,3.43,,,,
1411,12/31/09 09:00:00 PM,74729,0.232,3.43,,,,
1412,12/31/09 09:30:00 PM,74756,0.232,3.43,,,,
1413,12/31/09 10:00:00 PM,74756,0.232,3.43,,,,
1414,12/31/09 10:30:00 PM,74742,0.232,3.43,,,,
1415,12/31/09 11:00:00 PM,74742,0.232,3.43,,,,
1416,12/31/09 11:30:00 PM,74742,0.232,3.43,,,,
1417,01/01/10 12:00:00 AM,74729,0.232,3.43,,,,
1418,01/01/10 12:30:00 AM,74742,0.232,3.43,,,,
1419,01/01/10 01:00:00 AM,74729,0.232,3.43,,,,
1420,01/01/10 01:30:00 AM,74701,0.232,3.43,,,,
1421,01/01/10 02:00:00 AM,74701,0.232,3.43,,,,
1422,01/01/10 02:30:00 AM,74701,0.232,3.43,,,,
1423,01/01/10 03:00:00 AM,74688,0.232,3.43,,,,
1424,01/01/10 03:30:00 AM,74701,0.232,3.43,,,,
1425,01/01/10 04:00:00 AM,74688,0.232,3.43,,,,
1426,01/01/10 04:30:00 AM,74674,0.232,3.43,,,,
1427,01/01/10 05:00:00 AM,74674,0.232,3.43,,,,
1428,01/01/10 05:30:00 AM,74674,0.232,3.43,,,,
1429,01/01/10 06:00:00 AM,74688,0.232,3.43,,,,
1430,01/01/10 06:30:00 AM,74688,0.232,3.43,,,,
1431,01/01/10 07:00:00 AM,74660,0.232,3.43,,,,
1432,01/01/10 07:30:00 AM,74660,0.232,3.43,,,,
1433,01/01/10 08:00:00 AM,74688,0.232,3.43,,,,
1434,01/01/10 08:30:00 AM,74701,0.232,3.43,,,,
1435,01/01/10 09:00:00 AM,74701,0.232,3.43,,,,
1436,01/01/10 09:30:00 AM,74715,0.232,3.43,,,,
1437,01/01/10 10:00:00 AM,74729,0.232,3.43,,,,
1438,01/01/10 10:30:00 AM,74756,0.232,3.43,,,,
1439,01/01/10 11:00:00 AM,74701,0.232,3.43,,,,
1440,01/01/10 11:30:00 AM,74701,0.232,3.43,,,,
1441,01/01/10 12:00:00 PM,74660,0.232,3.43,,,,
1442,01/01/10 12:30:00 PM,74633,0.232,3.43,,,,
1443,01/01/10 01:00:00 PM,74633,0.232,3.43,,,,
1444,01/01/10 01:30:00 PM,74619,0.232,3.43,,,,
1445,01/01/10 02:00:00 PM,74592,0.232,3.43,,,,
1446,01/01/10 02:30:00 PM,74537,0.232,3.43,,,,
1447,01/01/10 03:00:00 PM,74551,0.232,3.43,,,,
1448,01/01/10 03:30:00 PM,74537,0.232,3.43,,,,
1449,01/01/10 04:00:00 PM,74510,0.232,3.43,,,,
1450,01/01/10 04:30:00 PM,74510,0.232,3.43,,,,
1451,01/01/10 05:00:00 PM,74510,0.232,3.43,,,,
1452,01/01/10 05:30:00 PM,74537,0.232,3.43,,,,
1453,01/01/10 06:00:00 PM,74551,0.232,3.43,,,,
1454,01/01/10 06:30:00 PM,74551,0.232,3.43,,,,
1455,01/01/10 07:00:00 PM,74564,0.232,3.43,,,,
1456,01/01/10 07:30:00 PM,74564,0.232,3.43,,,,
1457,01/01/10 08:00:00 PM,74592,0.232,3.43,,,,
1458,01/01/10 08:30:00 PM,74564,0.232,3.43,,,,
1459,01/01/10 09:00:00 PM,74564,0.232,3.43,,,,
1460,01/01/10 09:30:00 PM,74551,0.232,3.43,,,,
1461,01/01/10 10:00:00 PM,74537,0.232,3.43,,,,
1462,01/01/10 10:30:00 PM,74537,0.232,3.43,,,,
1463,01/01/10 11:00:00 PM,74510,0.232,3.43,,,,
1464,01/01/10 11:30:00 PM,74482,0.232,3.43,,,,
1465,01/02/10 12:00:00 AM,74482,0.232,3.43,,,,
1466,01/02/10 12:30:00 AM,74469,0.232,3.43,,,,
1467,01/02/10 01:00:00 AM,74428,0.232,3.43,,,,
1468,01/02/10 01:30:00 AM,74441,0.232,3.43,,,,
1469,01/02/10 02:00:00 AM,74441,0.343,3.43,,,,
1470,01/02/10 02:30:00 AM,74441,0.232,3.43,,,,
1471,01/02/10 03:00:00 AM,74414,0.232,3.43,,,,
1472,01/02/10 03:30:00 AM,74386,0.343,3.43,,,,
1473,01/02/10 04:00:00 AM,74386,0.343,3.43,,,,
1474,01/02/10 04:30:00 AM,74372,0.343,3.43,,,,
1475,01/02/10 05:00:00 AM,74345,0.343,3.43,,,,
1476,01/02/10 05:30:00 AM,74318,0.232,3.43,,,,
1477,01/02/10 06:00:00 AM,74318,0.343,3.43,,,,
1478,01/02/10 06:30:00 AM,74304,0.343,3.43,,,,
1479,01/02/10 07:00:00 AM,74318,0.343,3.43,,,,
1480,01/02/10 07:30:00 AM,74318,0.343,3.43,,,,
1481,01/02/10 08:00:00 AM,74304,0.343,3.43,,,,
1482,01/02/10 08:30:00 AM,74331,0.343,3.43,,,,
1483,01/02/10 09:00:00 AM,74331,0.343,3.43,,,,
1484,01/02/10 09:30:00 AM,74304,0.343,3.43,,,,
1485,01/02/10 10:00:00 AM,74290,0.343,3.43,,,,
1486,01/02/10 10:30:00 AM,74304,0.343,3.43,,,,
1487,01/02/10 11:00:00 AM,74277,0.343,3.43,,,,
1488,01/02/10 11:30:00 AM,74235,0.343,3.43,,,,
1489,01/02/10 12:00:00 PM,74194,0.343,3.43,,,,
1490,01/02/10 12:30:00 PM,74153,0.343,3.43,,,,
1491,01/02/10 01:00:00 PM,74112,0.343,3.43,,,,
1492,01/02/10 01:30:00 PM,74085,0.343,3.43,,,,
1493,01/02/10 02:00:00 PM,74071,0.343,3.43,,,,
1494,01/02/10 02:30:00 PM,74071,0.343,3.43,,,,
1495,01/02/10 03:00:00 PM,74071,0.343,3.43,,,,
1496,01/02/10 03:30:00 PM,74044,0.343,3.43,,,,
1497,01/02/10 04:00:00 PM,74030,0.343,3.43,,,,
1498,01/02/10 04:30:00 PM,74030,0.343,3.43,,,,
1499,01/02/10 05:00:00 PM,74071,0.343,3.43,,,,
1500,01/02/10 05:30:00 PM,74099,0.343,3.43,,,,
1501,01/02/10 06:00:00 PM,74126,0.343,3.43,,,,
1502,01/02/10 06:30:00 PM,74208,0.343,3.43,,,,
1503,01/02/10 07:00:00 PM,74235,0.343,3.43,,,,
1504,01/02/10 07:30:00 PM,74263,0.343,3.43,,,,
1505,01/02/10 08:00:00 PM,74235,0.343,3.43,,,,
1506,01/02/10 08:30:00 PM,74290,0.343,3.43,,,,
1507,01/02/10 09:00:00 PM,74318,0.343,3.43,,,,
1508,01/02/10 09:30:00 PM,74318,0.343,3.43,,,,
1509,01/02/10 10:00:00 PM,74331,0.343,3.43,,,,
1510,01/02/10 10:30:00 PM,74345,0.343,3.43,,,,
1511,01/02/10 11:00:00 PM,74345,0.343,3.43,,,,
1512,01/02/10 11:30:00 PM,74359,0.343,3.43,,,,
1513,01/03/10 12:00:00 AM,74331,0.343,3.43,,,,
1514,01/03/10 12:30:00 AM,74331,0.343,3.43,,,,
1515,01/03/10 01:00:00 AM,74331,0.343,3.43,,,,
1516,01/03/10 01:30:00 AM,74331,0.343,3.43,,,,
1517,01/03/10 02:00:00 AM,74345,0.343,3.43,,,,
1518,01/03/10 02:30:00 AM,74372,0.343,3.43,,,,
1519,01/03/10 03:00:00 AM,74345,0.343,3.43,,,,
1520,01/03/10 03:30:00 AM,74359,0.343,3.43,,,,
1521,01/03/10 04:00:00 AM,74345,0.343,3.43,,,,
1522,01/03/10 04:30:00 AM,74359,0.343,3.43,,,,
1523,01/03/10 05:00:00 AM,74359,0.343,3.43,,,,
1524,01/03/10 05:30:00 AM,74345,0.343,3.43,,,,
1525,01/03/10 06:00:00 AM,74359,0.343,3.43,,,,
1526,01/03/10 06:30:00 AM,74372,0.343,3.43,,,,
1527,01/03/10 07:00:00 AM,74386,0.343,3.43,,,,
1528,01/03/10 07:30:00 AM,74413,0.343,3.43,,,,
1529,01/03/10 08:00:00 AM,74413,0.343,3.43,,,,
1530,01/03/10 08:30:00 AM,74427,0.343,3.43,,,,
1531,01/03/10 09:00:00 AM,74441,0.343,3.43,,,,
1532,01/03/10 09:30:00 AM,74441,0.343,3.43,,,,
1533,01/03/10 10:00:00 AM,74454,0.343,3.43,,,,
1534,01/03/10 10:30:00 AM,74468,0.343,3.43,,,,
1535,01/03/10 11:00:00 AM,74427,0.343,3.43,,,,
1536,01/03/10 11:30:00 AM,74386,0.343,3.43,,,,
1537,01/03/10 12:00:00 PM,74359,0.343,3.43,,,,
1538,01/03/10 12:30:00 PM,74331,0.343,3.43,,,,
1539,01/03/10 01:00:00 PM,74331,0.343,3.43,,,,
1540,01/03/10 01:30:00 PM,74318,0.343,3.43,,,,
1541,01/03/10 02:00:00 PM,74331,0.343,3.43,,,,
1542,01/03/10 02:30:00 PM,74345,0.343,3.43,,,,
1543,01/03/10 03:00:00 PM,74359,0.343,3.43,,,,
1544,01/03/10 03:30:00 PM,74359,0.343,3.43,,,,
1545,01/03/10 04:00:00 PM,74372,0.343,3.43,,,,
1546,01/03/10 04:30:00 PM,74400,0.343,3.43,,,,
1547,01/03/10 05:00:00 PM,74400,0.343,3.43,,,,
1548,01/03/10 05:30:00 PM,74427,0.343,3.43,,,,
1549,01/03/10 06:00:00 PM,74454,0.343,3.43,,,,
1550,01/03/10 06:30:00 PM,74482,0.343,3.43,,,,
1551,01/03/10 07:00:00 PM,74509,0.343,3.43,,,,
1552,01/03/10 07:30:00 PM,74523,0.343,3.43,,,,
1553,01/03/10 08:00:00 PM,74509,0.343,3.43,,,,
1554,01/03/10 08:30:00 PM,74523,0.343,3.43,,,,
1555,01/03/10 09:00:00 PM,74523,0.343,3.43,,,,
1556,01/03/10 09:30:00 PM,74550,0.343,3.43,,,,
1557,01/03/10 10:00:00 PM,74550,0.343,3.43,,,,
1558,01/03/10 10:30:00 PM,74550,0.343,3.43,,,,
1559,01/03/10 11:00:00 PM,74550,0.343,3.43,,,,
1560,01/03/10 11:30:00 PM,74564,0.343,3.43,,,,
1561,01/04/10 12:00:00 AM,74550,0.343,3.43,,,,
1562,01/04/10 12:30:00 AM,74523,0.343,3.43,,,,
1563,01/04/10 01:00:00 AM,74537,0.343,3.43,,,,
1564,01/04/10 01:30:00 AM,74550,0.343,3.43,,,,
1565,01/04/10 02:00:00 AM,74550,0.343,3.43,,,,
1566,01/04/10 02:30:00 AM,74537,0.343,3.43,,,,
1567,01/04/10 03:00:00 AM,74537,0.343,3.43,,,,
1568,01/04/10 03:30:00 AM,74523,0.343,3.43,,,,
1569,01/04/10 04:00:00 AM,74537,0.343,3.43,,,,
1570,01/04/10 04:30:00 AM,74523,0.343,3.43,,,,
1571,01/04/10 05:00:00 AM,74523,0.343,3.43,,,,
1572,01/04/10 05:30:00 AM,74523,0.343,3.43,,,,
1573,01/04/10 06:00:00 AM,74523,0.343,3.43,,,,
1574,01/04/10 06:30:00 AM,74537,0.343,3.43,,,,
1575,01/04/10 07:00:00 AM,74564,0.343,3.43,,,,
1576,01/04/10 07:30:00 AM,74564,0.343,3.43,,,,
1577,01/04/10 08:00:00 AM,74591,0.343,3.43,,,,
1578,01/04/10 08:30:00 AM,74605,0.343,3.43,,,,
1579,01/04/10 09:00:00 AM,74605,0.343,3.43,,,,
1580,01/04/10 09:30:00 AM,74619,0.343,3.43,,,,
1581,01/04/10 10:00:00 AM,74619,0.343,3.43,,,,
1582,01/04/10 10:30:00 AM,74591,0.343,3.43,,,,
1583,01/04/10 11:00:00 AM,74564,0.343,3.43,,,,
1584,01/04/10 11:30:00 AM,74537,0.343,3.43,,,,
1585,01/04/10 12:00:00 PM,74523,0.343,3.43,,,,
1586,01/04/10 12:30:00 PM,74482,0.343,3.43,,,,
1587,01/04/10 01:00:00 PM,74468,0.343,3.43,,,,
1588,01/04/10 01:30:00 PM,74454,0.343,3.43,,,,
1589,01/04/10 02:00:00 PM,74441,0.343,3.43,,,,
1590,01/04/10 02:30:00 PM,74454,0.343,3.43,,,,
1591,01/04/10 03:00:00 PM,74454,0.343,3.43,,,,
1592,01/04/10 03:30:00 PM,74454,0.343,3.43,,,,
1593,01/04/10 04:00:00 PM,74441,0.343,3.43,,,,
1594,01/04/10 04:30:00 PM,74454,0.343,3.43,,,,
1595,01/04/10 05:00:00 PM,74454,0.343,3.43,,,,
1596,01/04/10 05:30:00 PM,74482,0.343,3.43,,,,
1597,01/04/10 06:00:00 PM,74496,0.343,3.43,,,,
1598,01/04/10 06:30:00 PM,74523,0.343,3.43,,,,
1599,01/04/10 07:00:00 PM,74509,0.343,3.43,,,,
1600,01/04/10 07:30:00 PM,74550,0.343,3.43,,,,
1601,01/04/10 08:00:00 PM,74550,0.343,3.43,,,,
1602,01/04/10 08:30:00 PM,74550,0.343,3.43,,,,
1603,01/04/10 09:00:00 PM,74550,0.343,3.43,,,,
1604,01/04/10 09:30:00 PM,74550,0.343,3.43,,,,
1605,01/04/10 10:00:00 PM,74550,0.343,3.43,,,,
1606,01/04/10 10:30:00 PM,74550,0.343,3.43,,,,
1607,01/04/10 11:00:00 PM,74523,0.343,3.43,,,,
1608,01/04/10 11:30:00 PM,74509,0.343,3.43,,,,
1609,01/05/10 12:00:00 AM,74496,0.343,3.43,,,,
1610,01/05/10 12:30:00 AM,74468,0.343,3.43,,,,
1611,01/05/10 01:00:00 AM,74482,0.343,3.43,,,,
1612,01/05/10 01:30:00 AM,74482,0.343,3.43,,,,
1613,01/05/10 02:00:00 AM,74496,0.343,3.43,,,,
1614,01/05/10 02:30:00 AM,74496,0.343,3.43,,,,
1615,01/05/10 03:00:00 AM,74482,0.343,3.43,,,,
1616,01/05/10 03:30:00 AM,74482,0.343,3.43,,,,
1617,01/05/10 04:00:00 AM,74482,0.343,3.43,,,,
1618,01/05/10 04:30:00 AM,74482,0.343,3.43,,,,
1619,01/05/10 05:00:00 AM,74468,0.343,3.43,,,,
1620,01/05/10 05:30:00 AM,74468,0.343,3.43,,,,
1621,01/05/10 06:00:00 AM,74468,0.343,3.43,,,,
1622,01/05/10 06:30:00 AM,74482,0.343,3.43,,,,
1623,01/05/10 07:00:00 AM,74482,0.343,3.43,,,,
1624,01/05/10 07:30:00 AM,74468,0.343,3.43,,,,
1625,01/05/10 08:00:00 AM,74482,0.343,3.43,,,,
1626,01/05/10 08:30:00 AM,74496,0.343,3.43,,,,
1627,01/05/10 09:00:00 AM,74509,0.343,3.43,,,,
1628,01/05/10 09:30:00 AM,74496,0.343,3.43,,,,
1629,01/05/10 10:00:00 AM,74496,0.343,3.43,,,,
1630,01/05/10 10:30:00 AM,74482,0.343,3.43,,,,
1631,01/05/10 11:00:00 AM,74468,0.343,3.43,,,,
1632,01/05/10 11:30:00 AM,74400,0.343,3.43,,,,
1633,01/05/10 12:00:00 PM,74359,0.343,3.43,,,,
1634,01/05/10 12:30:00 PM,74318,0.343,3.43,,,,
1635,01/05/10 01:00:00 PM,74304,0.343,3.43,,,,
1636,01/05/10 01:30:00 PM,74277,0.343,3.43,,,,
1637,01/05/10 02:00:00 PM,74263,0.343,3.43,,,,
1638,01/05/10 02:30:00 PM,74263,0.343,3.43,,,,
1639,01/05/10 03:00:00 PM,74263,0.343,3.43,,,,
1640,01/05/10 03:30:00 PM,74249,0.343,3.43,,,,
1641,01/05/10 04:00:00 PM,74263,0.343,3.43,,,,
1642,01/05/10 04:30:00 PM,74277,0.343,3.43,,,,
1643,01/05/10 05:00:00 PM,74277,0.343,3.43,,,,
1644,01/05/10 05:30:00 PM,74290,0.343,3.43,,,,
1645,01/05/10 06:00:00 PM,74290,0.343,3.43,,,,
1646,01/05/10 06:30:00 PM,74304,0.343,3.43,,,,
1647,01/05/10 07:00:00 PM,74304,0.343,3.43,,,,
1648,01/05/10 07:30:00 PM,74290,0.343,3.43,,,,
1649,01/05/10 08:00:00 PM,74304,0.343,3.43,,,,
1650,01/05/10 08:30:00 PM,74290,0.343,3.43,,,,
1651,01/05/10 09:00:00 PM,74304,0.343,3.43,,,,
1652,01/05/10 09:30:00 PM,74304,0.343,3.43,,,,
1653,01/05/10 10:00:00 PM,74277,0.343,3.43,,,,
1654,01/05/10 10:30:00 PM,74249,0.343,3.43,,,,
1655,01/05/10 11:00:00 PM,74235,0.343,3.43,,,,
1656,01/05/10 11:30:00 PM,74208,0.343,3.43,,,,
1657,01/06/10 12:00:00 AM,74181,0.343,3.43,,,,
1658,01/06/10 12:30:00 AM,74181,0.343,3.43,,,,
1659,01/06/10 01:00:00 AM,74194,0.343,3.43,,,,
1660,01/06/10 01:30:00 AM,74181,0.343,3.43,,,,
1661,01/06/10 02:00:00 AM,74167,0.343,3.43,,,,
1662,01/06/10 02:30:00 AM,74153,0.343,3.43,,,,
1663,01/06/10 03:00:00 AM,74112,0.343,3.43,,,,
1664,01/06/10 03:30:00 AM,74112,0.343,3.43,,,,
1665,01/06/10 04:00:00 AM,74085,0.343,3.43,,,,
1666,01/06/10 04:30:00 AM,74071,0.343,3.43,,,,
1667,01/06/10 05:00:00 AM,74071,0.343,3.43,,,,
1668,01/06/10 05:30:00 AM,74071,0.343,3.43,,,,
1669,01/06/10 06:00:00 AM,74085,0.343,3.43,,,,
1670,01/06/10 06:30:00 AM,74071,0.343,3.43,,,,
1671,01/06/10 07:00:00 AM,74085,0.343,3.43,,,,
1672,01/06/10 07:30:00 AM,74085,0.343,3.43,,,,
1673,01/06/10 08:00:00 AM,74112,0.343,3.43,,,,
1674,01/06/10 08:30:00 AM,74112,0.343,3.43,,,,
1675,01/06/10 09:00:00 AM,74153,0.343,3.43,,,,
1676,01/06/10 09:30:00 AM,74153,0.343,3.43,,,,
1677,01/06/10 10:00:00 AM,74140,0.343,3.43,,,,
1678,01/06/10 10:30:00 AM,74126,0.343,3.43,,,,
1679,01/06/10 11:00:00 AM,74085,0.343,3.43,,,,
1680,01/06/10 11:30:00 AM,74044,0.343,3.43,,,,
1681,01/06/10 12:00:00 PM,74016,0.343,3.43,,,,
1682,01/06/10 12:30:00 PM,73962,0.343,3.43,,,,
1683,01/06/10 01:00:00 PM,73948,0.343,3.43,,,,
1684,01/06/10 01:30:00 PM,73934,0.343,3.43,,,,
1685,01/06/10 02:00:00 PM,73934,0.343,3.43,,,,
1686,01/06/10 02:30:00 PM,73921,0.343,3.43,,,,
1687,01/06/10 03:00:00 PM,73921,0.343,3.43,,,,
1688,01/06/10 03:30:00 PM,73934,0.343,3.43,,,,
1689,01/06/10 04:00:00 PM,73948,0.343,3.43,,,,
1690,01/06/10 04:30:00 PM,73948,0.343,3.43,,,,
1691,01/06/10 05:00:00 PM,73975,0.343,3.43,,,,
1692,01/06/10 05:30:00 PM,74003,0.343,3.43,,,,
1693,01/06/10 06:00:00 PM,74030,0.343,3.43,,,,
1694,01/06/10 06:30:00 PM,74030,0.343,3.43,,,,
1695,01/06/10 07:00:00 PM,74057,0.343,3.43,,,,
1696,01/06/10 07:30:00 PM,74044,0.343,3.43,,,,
1697,01/06/10 08:00:00 PM,74030,0.343,3.43,,,,
1698,01/06/10 08:30:00 PM,74057,0.343,3.43,,,,
1699,01/06/10 09:00:00 PM,74044,0.343,3.43,,,,
1700,01/06/10 09:30:00 PM,74071,0.343,3.43,,,,
1701,01/06/10 10:00:00 PM,74085,0.343,3.43,,,,
1702,01/06/10 10:30:00 PM,74112,0.343,3.43,,,,
1703,01/06/10 11:00:00 PM,74112,0.343,3.43,,,,
1704,01/06/10 11:30:00 PM,74099,0.343,3.43,,,,
1705,01/07/10 12:00:00 AM,74085,0.343,3.43,,,,
1706,01/07/10 12:30:00 AM,74071,0.343,3.43,,,,
1707,01/07/10 01:00:00 AM,74044,0.343,3.43,,,,
1708,01/07/10 01:30:00 AM,74044,0.343,3.43,,,,
1709,01/07/10 02:00:00 AM,74057,0.343,3.43,,,,
1710,01/07/10 02:30:00 AM,74057,0.343,3.43,,,,
1711,01/07/10 03:00:00 AM,74071,0.343,3.43,,,,
1712,01/07/10 03:30:00 AM,74057,0.343,3.43,,,,
1713,01/07/10 04:00:00 AM,74057,0.343,3.43,,,,
1714,01/07/10 04:30:00 AM,74057,0.343,3.43,,,,
1715,01/07/10 05:00:00 AM,74044,0.343,3.43,,,,
1716,01/07/10 05:30:00 AM,74030,0.343,3.43,,,,
1717,01/07/10 06:00:00 AM,74044,0.343,3.43,,,,
1718,01/07/10 06:30:00 AM,74057,0.343,3.43,,,,
1719,01/07/10 07:00:00 AM,74085,0.343,3.43,,,,
1720,01/07/10 07:30:00 AM,74112,0.343,3.43,,,,
1721,01/07/10 08:00:00 AM,74112,0.343,3.43,,,,
1722,01/07/10 08:30:00 AM,74140,0.343,3.43,,,,
1723,01/07/10 09:00:00 AM,74153,0.343,3.43,,,,
1724,01/07/10 09:30:00 AM,74194,0.343,3.43,,,,
1725,01/07/10 10:00:00 AM,74194,0.343,3.43,,,,
1726,01/07/10 10:30:00 AM,74194,0.343,3.43,,,,
1727,01/07/10 11:00:00 AM,74181,0.343,3.43,,,,
1728,01/07/10 11:30:00 AM,74140,0.343,3.43,,,,
1729,01/07/10 12:00:00 PM,74112,0.343,3.43,,,,
1730,01/07/10 12:30:00 PM,74071,0.343,3.43,,,,
1731,01/07/10 01:00:00 PM,74044,0.343,3.43,,,,
1732,01/07/10 01:30:00 PM,74003,0.343,3.43,,,,
1733,01/07/10 02:00:00 PM,74003,0.343,3.43,,,,
1734,01/07/10 02:30:00 PM,73989,0.343,3.43,,,,
1735,01/07/10 03:00:00 PM,74016,0.343,3.43,,,,
1736,01/07/10 03:30:00 PM,74030,0.343,3.43,,,,
1737,01/07/10 04:00:00 PM,74030,0.343,3.43,,,,
1738,01/07/10 04:30:00 PM,74057,0.343,3.43,,,,
1739,01/07/10 05:00:00 PM,74071,0.343,3.43,,,,
1740,01/07/10 05:30:00 PM,74071,0.343,3.43,,,,
1741,01/07/10 06:00:00 PM,74112,0.343,3.43,,,,
1742,01/07/10 06:30:00 PM,74140,0.343,3.43,,,,
1743,01/07/10 07:00:00 PM,74153,0.343,3.43,,,,
1744,01/07/10 07:30:00 PM,74167,0.343,3.43,,,,
1745,01/07/10 08:00:00 PM,74181,0.343,3.43,,,,
1746,01/07/10 08:30:00 PM,74167,0.343,3.43,,,,
1747,01/07/10 09:00:00 PM,74194,0.343,3.43,,,,
1748,01/07/10 09:30:00 PM,74181,0.343,3.43,,,,
1749,01/07/10 10:00:00 PM,74208,0.343,3.43,,,,
1750,01/07/10 10:30:00 PM,74235,0.343,3.43,,,,
1751,01/07/10 11:00:00 PM,74208,0.343,3.43,,,,
1752,01/07/10 11:30:00 PM,74235,0.343,3.43,,,,
1753,01/08/10 12:00:00 AM,74249,0.343,3.43,,,,
1754,01/08/10 12:30:00 AM,74222,0.343,3.43,,,,
1755,01/08/10 01:00:00 AM,74222,0.343,3.43,,,,
1756,01/08/10 01:30:00 AM,74249,0.343,3.43,,,,
1757,01/08/10 02:00:00 AM,74263,0.343,3.43,,,,
1758,01/08/10 02:30:00 AM,74277,0.343,3.43,,,,
1759,01/08/10 03:00:00 AM,74277,0.343,3.43,,,,
1760,01/08/10 03:30:00 AM,74304,0.343,3.43,,,,
1761,01/08/10 04:00:00 AM,74331,0.343,3.43,,,,
1762,01/08/10 04:30:00 AM,74318,0.343,3.43,,,,
1763,01/08/10 05:00:00 AM,74304,0.343,3.43,,,,
1764,01/08/10 05:30:00 AM,74318,0.343,3.43,,,,
1765,01/08/10 06:00:00 AM,74331,0.343,3.43,,,,
1766,01/08/10 06:30:00 AM,74345,0.343,3.43,,,,
1767,01/08/10 07:00:00 AM,74331,0.343,3.43,,,,
1768,01/08/10 07:30:00 AM,74372,0.343,3.43,,,,
1769,01/08/10 08:00:00 AM,74386,0.343,3.43,,,,
1770,01/08/10 08:30:00 AM,74400,0.343,3.43,,,,
1771,01/08/10 09:00:00 AM,74413,0.343,3.43,,,,
1772,01/08/10 09:30:00 AM,74427,0.343,3.43,,,,
1773,01/08/10 10:00:00 AM,74441,0.343,3.43,,,,
1774,01/08/10 10:30:00 AM,74441,0.343,3.43,,,,
1775,01/08/10 11:00:00 AM,74427,0.343,3.43,,,,
1776,01/08/10 11:30:00 AM,74427,0.343,3.43,,,,
1777,01/08/10 12:00:00 PM,74372,0.343,3.43,,,,
1778,01/08/10 12:30:00 PM,74345,0.343,3.43,,,,
1779,01/08/10 01:00:00 PM,74318,0.343,3.43,,,,
1780,01/08/10 01:30:00 PM,74318,0.343,3.43,,,,
1781,01/08/10 02:00:00 PM,74359,0.343,3.43,,,,
1782,01/08/10 02:30:00 PM,74359,0.343,3.43,,,,
1783,01/08/10 03:00:00 PM,74386,0.343,3.43,,,,
1784,01/08/10 03:30:00 PM,74386,0.343,3.43,,,,
1785,01/08/10 04:00:00 PM,74386,0.343,3.43,,,,
1786,01/08/10 04:30:00 PM,74400,0.343,3.43,,,,
1787,01/08/10 05:00:00 PM,74427,0.343,3.43,,,,
1788,01/08/10 05:30:00 PM,74454,0.343,3.43,,,,
1789,01/08/10 06:00:00 PM,74454,0.343,3.43,,,,
1790,01/08/10 06:30:00 PM,74468,0.343,3.43,,,,
1791,01/08/10 07:00:00 PM,74496,0.343,3.43,,,,
1792,01/08/10 07:30:00 PM,74523,0.343,3.43,,,,
1793,01/08/10 08:00:00 PM,74523,0.343,3.43,,,,
1794,01/08/10 08:30:00 PM,74550,0.343,3.43,,,,
1795,01/08/10 09:00:00 PM,74537,0.343,3.43,,,,
1796,01/08/10 09:30:00 PM,74550,0.343,3.43,,,,
1797,01/08/10 10:00:00 PM,74550,0.343,3.43,,,,
1798,01/08/10 10:30:00 PM,74550,0.343,3.43,,,,
1799,01/08/10 11:00:00 PM,74564,0.343,3.43,,,,
1800,01/08/10 11:30:00 PM,74578,0.343,3.43,,,,
1801,01/09/10 12:00:00 AM,74564,0.343,3.43,,,,
1802,01/09/10 12:30:00 AM,74537,0.343,3.43,,,,
1803,01/09/10 01:00:00 AM,74523,0.343,3.43,,,,
1804,01/09/10 01:30:00 AM,74537,0.343,3.43,,,,
1805,01/09/10 02:00:00 AM,74550,0.343,3.43,,,,
1806,01/09/10 02:30:00 AM,74564,0.343,3.43,,,,
1807,01/09/10 03:00:00 AM,74564,0.343,3.43,,,,
1808,01/09/10 03:30:00 AM,74550,0.343,3.43,,,,
1809,01/09/10 04:00:00 AM,74523,0.343,3.43,,,,
1810,01/09/10 04:30:00 AM,74523,0.343,3.43,,,,
1811,01/09/10 05:00:00 AM,74509,0.343,3.43,,,,
1812,01/09/10 05:30:00 AM,74509,0.343,3.43,,,,
1813,01/09/10 06:00:00 AM,74537,0.343,3.43,,,,
1814,01/09/10 06:30:00 AM,74550,0.343,3.43,,,,
1815,01/09/10 07:00:00 AM,74564,0.343,3.43,,,,
1816,01/09/10 07:30:00 AM,74578,0.343,3.43,,,,
1817,01/09/10 08:00:00 AM,74591,0.343,3.43,,,,
1818,01/09/10 08:30:00 AM,74619,0.343,3.43,,,,
1819,01/09/10 09:00:00 AM,74619,0.343,3.43,,,,
1820,01/09/10 09:30:00 AM,74660,0.343,3.43,,,,
1821,01/09/10 10:00:00 AM,74660,0.343,3.43,,,,
1822,01/09/10 10:30:00 AM,74660,0.343,3.43,,,,
1823,01/09/10 11:00:00 AM,74660,0.343,3.43,,,,
1824,01/09/10 11:30:00 AM,74632,0.343,3.43,,,,
1825,01/09/10 12:00:00 PM,74619,0.343,3.43,,,,
1826,01/09/10 12:30:00 PM,74578,0.343,3.43,,,,
1827,01/09/10 01:00:00 PM,74550,0.343,3.43,,,,
1828,01/09/10 01:30:00 PM,74509,0.343,3.43,,,,
1829,01/09/10 02:00:00 PM,74496,0.343,3.43,,,,
1830,01/09/10 02:30:00 PM,74496,0.343,3.43,,,,
1831,01/09/10 03:00:00 PM,74496,0.343,3.43,,,,
1832,01/09/10 03:30:00 PM,74509,0.343,3.43,,,,
1833,01/09/10 04:00:00 PM,74537,0.343,3.43,,,,
1834,01/09/10 04:30:00 PM,74537,0.343,3.43,,,,
1835,01/09/10 05:00:00 PM,74550,0.343,3.43,,,,
1836,01/09/10 05:30:00 PM,74578,0.343,3.43,,,,
1837,01/09/10 06:00:00 PM,74605,0.343,3.43,,,,
1838,01/09/10 06:30:00 PM,74605,0.343,3.43,,,,
1839,01/09/10 07:00:00 PM,74632,0.343,3.43,,,,
1840,01/09/10 07:30:00 PM,74660,0.343,3.43,,,,
1841,01/09/10 08:00:00 PM,74660,0.343,3.43,,,,
1842,01/09/10 08:30:00 PM,74660,0.343,3.43,,,,
1843,01/09/10 09:00:00 PM,74660,0.343,3.43,,,,
1844,01/09/10 09:30:00 PM,74660,0.343,3.43,,,,
1845,01/09/10 10:00:00 PM,74646,0.343,3.43,,,,
1846,01/09/10 10:30:00 PM,74660,0.343,3.43,,,,
1847,01/09/10 11:00:00 PM,74660,0.343,3.43,,,,
1848,01/09/10 11:30:00 PM,74632,0.343,3.43,,,,
1849,01/10/10 12:00:00 AM,74646,0.343,3.43,,,,
1850,01/10/10 12:30:00 AM,74632,0.343,3.43,,,,
1851,01/10/10 01:00:00 AM,74619,0.343,3.43,,,,
1852,01/10/10 01:30:00 AM,74605,0.343,3.43,,,,
1853,01/10/10 02:00:00 AM,74605,0.343,3.43,,,,
1854,01/10/10 02:30:00 AM,74605,0.343,3.43,,,,
1855,01/10/10 03:00:00 AM,74605,0.343,3.43,,,,
1856,01/10/10 03:30:00 AM,74605,0.343,3.43,,,,
1857,01/10/10 04:00:00 AM,74591,0.343,3.43,,,,
1858,01/10/10 04:30:00 AM,74605,0.343,3.43,,,,
1859,01/10/10 05:00:00 AM,74605,0.343,3.43,,,,
1860,01/10/10 05:30:00 AM,74619,0.343,3.43,,,,
1861,01/10/10 06:00:00 AM,74632,0.343,3.43,,,,
1862,01/10/10 06:30:00 AM,74646,0.343,3.43,,,,
1863,01/10/10 07:00:00 AM,74646,0.343,3.43,,,,
1864,01/10/10 07:30:00 AM,74674,0.343,3.43,,,,
1865,01/10/10 08:00:00 AM,74660,0.343,3.43,,,,
1866,01/10/10 08:30:00 AM,74701,0.343,3.43,,,,
1867,01/10/10 09:00:00 AM,74715,0.343,3.43,,,,
1868,01/10/10 09:30:00 AM,74715,0.343,3.43,,,,
1869,01/10/10 10:00:00 AM,74728,0.343,3.43,,,,
1870,01/10/10 10:30:00 AM,74728,0.343,3.43,,,,
1871,01/10/10 11:00:00 AM,74715,0.343,3.43,,,,
1872,01/10/10 11:30:00 AM,74701,0.343,3.43,,,,
1873,01/10/10 12:00:00 PM,74660,0.343,3.43,,,,
1874,01/10/10 12:30:00 PM,74605,0.343,3.43,,,,
1875,01/10/10 01:00:00 PM,74578,0.343,3.43,,,,
1876,01/10/10 01:30:00 PM,74550,0.343,3.43,,,,
1877,01/10/10 02:00:00 PM,74550,0.343,3.43,,,,
1878,01/10/10 02:30:00 PM,74537,0.343,3.43,,,,
1879,01/10/10 03:00:00 PM,74550,0.343,3.43,,,,
1880,01/10/10 03:30:00 PM,74564,0.343,3.43,,,,
1881,01/10/10 04:00:00 PM,74591,0.343,3.43,,,,
1882,01/10/10 04:30:00 PM,74605,0.343,3.43,,,,
1883,01/10/10 05:00:00 PM,74605,0.343,3.43,,,,
1884,01/10/10 05:30:00 PM,74632,0.343,3.43,,,,
1885,01/10/10 06:00:00 PM,74646,0.343,3.43,,,,
1886,01/10/10 06:30:00 PM,74660,0.343,3.43,,,,
1887,01/10/10 07:00:00 PM,74674,0.343,3.43,,,,
1888,01/10/10 07:30:00 PM,74687,0.343,3.43,,,,
1889,01/10/10 08:00:00 PM,74687,0.343,3.43,,,,
1890,01/10/10 08:30:00 PM,74701,0.343,3.43,,,,
1891,01/10/10 09:00:00 PM,74715,0.343,3.43,,,,
1892,01/10/10 09:30:00 PM,74728,0.343,3.43,,,,
1893,01/10/10 10:00:00 PM,74756,0.343,3.43,,,,
1894,01/10/10 10:30:00 PM,74769,0.343,3.43,,,,
1895,01/10/10 11:00:00 PM,74783,0.343,3.43,,,,
1896,01/10/10 11:30:00 PM,74783,0.343,3.43,,,,
1897,01/11/10 12:00:00 AM,74769,0.343,3.43,,,,
1898,01/11/10 12:30:00 AM,74756,0.343,3.43,,,,
1899,01/11/10 01:00:00 AM,74756,0.343,3.43,,,,
1900,01/11/10 01:30:00 AM,74769,0.343,3.43,,,,
1901,01/11/10 02:00:00 AM,74769,0.343,3.43,,,,
1902,01/11/10 02:30:00 AM,74769,0.343,3.43,,,,
1903,01/11/10 03:00:00 AM,74783,0.343,3.43,,,,
1904,01/11/10 03:30:00 AM,74783,0.343,3.43,,,,
1905,01/11/10 04:00:00 AM,74783,0.343,3.43,,,,
1906,01/11/10 04:30:00 AM,74797,0.343,3.43,,,,
1907,01/11/10 05:00:00 AM,74797,0.343,3.43,,,,
1908,01/11/10 05:30:00 AM,74797,0.343,3.43,,,,
1909,01/11/10 06:00:00 AM,74810,0.343,3.43,,,,
1910,01/11/10 06:30:00 AM,74810,0.343,3.43,,,,
1911,01/11/10 07:00:00 AM,74810,0.343,3.43,,,,
1912,01/11/10 07:30:00 AM,74824,0.343,3.43,,,,
1913,01/11/10 08:00:00 AM,74824,0.343,3.43,,,,
1914,01/11/10 08:30:00 AM,74852,0.343,3.43,,,,
1915,01/11/10 09:00:00 AM,74852,0.343,3.43,,,,
1916,01/11/10 09:30:00 AM,74865,0.343,3.43,,,,
1917,01/11/10 10:00:00 AM,74893,0.343,3.43,,,,
1918,01/11/10 10:30:00 AM,74865,0.343,3.43,,,,
1919,01/11/10 11:00:00 AM,74865,0.343,3.43,,,,
1920,01/11/10 11:30:00 AM,74852,0.343,3.43,,,,
1921,01/11/10 12:00:00 PM,74810,0.343,3.43,,,,
1922,01/11/10 12:30:00 PM,74783,0.343,3.43,,,,
1923,01/11/10 01:00:00 PM,74742,0.343,3.43,,,,
1924,01/11/10 01:30:00 PM,74742,0.343,3.43,,,,
1925,01/11/10 02:00:00 PM,74742,0.343,3.43,,,,
1926,01/11/10 02:30:00 PM,74756,0.343,3.43,,,,
1927,01/11/10 03:00:00 PM,74769,0.343,3.43,,,,
1928,01/11/10 03:30:00 PM,74810,0.343,3.43,,,,
1929,01/11/10 04:00:00 PM,74838,0.343,3.43,,,,
1930,01/11/10 04:30:00 PM,74865,0.343,3.43,,,,
1931,01/11/10 05:00:00 PM,74879,0.343,3.43,,,,
1932,01/11/10 05:30:00 PM,74906,0.343,3.43,,,,
1933,01/11/10 06:00:00 PM,74934,0.343,3.43,,,,
1934,01/11/10 06:30:00 PM,74947,0.343,3.43,,,,
1935,01/11/10 07:00:00 PM,74988,0.343,3.43,,,,
1936,01/11/10 07:30:00 PM,75016,0.343,3.43,,,,
1937,01/11/10 08:00:00 PM,75002,0.343,3.43,,,,
1938,01/11/10 08:30:00 PM,75029,0.343,3.43,,,,
1939,01/11/10 09:00:00 PM,75029,0.343,3.43,,,,
1940,01/11/10 09:30:00 PM,75029,0.343,3.43,,,,
1941,01/11/10 10:00:00 PM,75057,0.343,3.43,,,,
1942,01/11/10 10:30:00 PM,75043,0.343,3.43,,,,
1943,01/11/10 11:00:00 PM,75043,0.343,3.43,,,,
1944,01/11/10 11:30:00 PM,75043,0.343,3.43,,,,
1945,01/12/10 12:00:00 AM,75043,0.343,3.43,,,,
1946,01/12/10 12:30:00 AM,75043,0.343,3.43,,,,
1947,01/12/10 01:00:00 AM,75029,0.343,3.43,,,,
1948,01/12/10 01:30:00 AM,75029,0.343,3.43,,,,
1949,01/12/10 02:00:00 AM,75029,0.343,3.43,,,,
1950,01/12/10 02:30:00 AM,75016,0.343,3.43,,,,
1951,01/12/10 03:00:00 AM,75002,0.343,3.43,,,,
1952,01/12/10 03:30:00 AM,75016,0.343,3.43,,,,
1953,01/12/10 04:00:00 AM,74975,0.343,3.43,,,,
1954,01/12/10 04:30:00 AM,74975,0.343,3.43,,,,
1955,01/12/10 05:00:00 AM,74961,0.343,3.43,,,,
1956,01/12/10 05:30:00 AM,74961,0.343,3.43,,,,
1957,01/12/10 06:00:00 AM,74975,0.343,3.43,,,,
1958,01/12/10 06:30:00 AM,74975,0.343,3.43,,,,
1959,01/12/10 07:00:00 AM,74961,0.343,3.43,,,,
1960,01/12/10 07:30:00 AM,74975,0.343,3.43,,,,
1961,01/12/10 08:00:00 AM,74947,0.343,3.43,,,,
1962,01/12/10 08:30:00 AM,74961,0.343,3.43,,,,
1963,01/12/10 09:00:00 AM,74975,0.343,3.43,,,,
1964,01/12/10 09:30:00 AM,74988,0.343,3.43,,,,
1965,01/12/10 10:00:00 AM,74961,0.343,3.43,,,,
1966,01/12/10 10:30:00 AM,74975,0.343,3.43,,,,
1967,01/12/10 11:00:00 AM,74934,0.343,3.43,,,,
1968,01/12/10 11:30:00 AM,74906,0.343,3.43,,,,
1969,01/12/10 12:00:00 PM,74865,0.343,3.43,,,,
1970,01/12/10 12:30:00 PM,74810,0.343,3.43,,,,
1971,01/12/10 01:00:00 PM,74756,0.343,3.43,,,,
1972,01/12/10 01:30:00 PM,74715,0.343,3.43,,,,
1973,01/12/10 02:00:00 PM,74715,0.343,3.43,,,,
1974,01/12/10 02:30:00 PM,74701,0.343,3.43,,,,
1975,01/12/10 03:00:00 PM,74701,0.343,3.43,,,,
1976,01/12/10 03:30:00 PM,74701,0.343,3.43,,,,
1977,01/12/10 04:00:00 PM,74701,0.343,3.43,,,,
1978,01/12/10 04:30:00 PM,74715,0.343,3.43,,,,
1979,01/12/10 05:00:00 PM,74728,0.343,3.43,,,,
1980,01/12/10 05:30:00 PM,74715,0.343,3.43,,,,
1981,01/12/10 06:00:00 PM,74728,0.343,3.43,,,,
1982,01/12/10 06:30:00 PM,74728,0.343,3.43,,,,
1983,01/12/10 07:00:00 PM,74742,0.343,3.43,,,,
1984,01/12/10 07:30:00 PM,74742,0.343,3.43,,,,
1985,01/12/10 08:00:00 PM,74742,0.343,3.43,,,,
1986,01/12/10 08:30:00 PM,74742,0.343,3.43,,,,
1987,01/12/10 09:00:00 PM,74769,0.343,3.43,,,,
1988,01/12/10 09:30:00 PM,74756,0.343,3.43,,,,
1989,01/12/10 10:00:00 PM,74715,0.343,3.43,,,,
1990,01/12/10 10:30:00 PM,74701,0.343,3.43,,,,
1991,01/12/10 11:00:00 PM,74674,0.343,3.43,,,,
1992,01/12/10 11:30:00 PM,74632,0.343,3.43,,,,
1993,01/13/10 12:00:00 AM,74646,0.343,3.43,,,,
1994,01/13/10 12:30:00 AM,74605,0.343,3.43,,,,
1995,01/13/10 01:00:00 AM,74578,0.343,3.43,,,,
1996,01/13/10 01:30:00 AM,74550,0.343,3.43,,,,
1997,01/13/10 02:00:00 AM,74523,0.343,3.43,,,,
1998,01/13/10 02:30:00 AM,74496,0.343,3.43,,,,
1999,01/13/10 03:00:00 AM,74482,0.343,3.43,,,,
2000,01/13/10 03:30:00 AM,74468,0.343,3.43,,,,
2001,01/13/10 04:00:00 AM,74454,0.343,3.43,,,,
2002,01/13/10 04:30:00 AM,74427,0.343,3.43,,,,
2003,01/13/10 05:00:00 AM,74386,0.343,3.43,,,,
2004,01/13/10 05:30:00 AM,74386,0.343,3.43,,,,
2005,01/13/10 06:00:00 AM,74386,0.343,3.43,,,,
2006,01/13/10 06:30:00 AM,74359,0.343,3.43,,,,
2007,01/13/10 07:00:00 AM,74359,0.343,3.43,,,,
2008,01/13/10 07:30:00 AM,74345,0.343,3.43,,,,
2009,01/13/10 08:00:00 AM,74359,0.343,3.43,,,,
2010,01/13/10 08:30:00 AM,74372,0.343,3.43,,,,
2011,01/13/10 09:00:00 AM,74372,0.343,3.43,,,,
2012,01/13/10 09:30:00 AM,74386,0.343,3.43,,,,
2013,01/13/10 10:00:00 AM,74413,0.343,3.43,,,,
2014,01/13/10 10:30:00 AM,74359,0.343,3.43,,,,
2015,01/13/10 11:00:00 AM,74331,0.343,3.43,,,,
2016,01/13/10 11:30:00 AM,74290,0.343,3.43,,,,
2017,01/13/10 12:00:00 PM,74235,0.343,3.43,,,,
2018,01/13/10 12:30:00 PM,74181,0.343,3.43,,,,
2019,01/13/10 01:00:00 PM,74140,0.343,3.43,,,,
2020,01/13/10 01:30:00 PM,74112,0.343,3.43,,,,
2021,01/13/10 02:00:00 PM,74085,0.343,3.43,,,,
2022,01/13/10 02:30:00 PM,74085,0.343,3.43,,,,
2023,01/13/10 03:00:00 PM,74071,0.343,3.43,,,,
2024,01/13/10 03:30:00 PM,74071,0.343,3.43,,,,
2025,01/13/10 04:00:00 PM,74071,0.343,3.43,,,,
2026,01/13/10 04:30:00 PM,74071,0.343,3.43,,,,
2027,01/13/10 05:00:00 PM,74071,0.343,3.43,,,,
2028,01/13/10 05:30:00 PM,74057,0.343,3.43,,,,
2029,01/13/10 06:00:00 PM,74057,0.343,3.43,,,,
2030,01/13/10 06:30:00 PM,74071,0.343,3.43,,,,
2031,01/13/10 07:00:00 PM,74057,0.343,3.43,,,,
2032,01/13/10 07:30:00 PM,74044,0.343,3.43,,,,
2033,01/13/10 08:00:00 PM,74030,0.343,3.43,,,,
2034,01/13/10 08:30:00 PM,74016,0.343,3.43,,,,
2035,01/13/10 09:00:00 PM,74003,0.343,3.43,,,,
2036,01/13/10 09:30:00 PM,73989,0.343,3.43,,,,
2037,01/13/10 10:00:00 PM,73962,0.343,3.43,,,,
2038,01/13/10 10:30:00 PM,73962,0.343,3.43,,,,
2039,01/13/10 11:00:00 PM,73948,0.343,3.43,,,,
2040,01/13/10 11:30:00 PM,73934,0.343,3.43,,,,
2041,01/14/10 12:00:00 AM,73907,0.343,3.43,,,,
2042,01/14/10 12:30:00 AM,73907,0.343,3.43,,,,
2043,01/14/10 01:00:00 AM,73866,0.343,3.43,,,,
2044,01/14/10 01:30:00 AM,73852,0.343,3.43,,,,
2045,01/14/10 02:00:00 AM,73880,0.343,3.43,,,,
2046,01/14/10 02:30:00 AM,73880,0.343,3.43,,,,
2047,01/14/10 03:00:00 AM,73880,0.343,3.43,,,,
2048,01/14/10 03:30:00 AM,73852,0.343,3.43,,,,
2049,01/14/10 04:00:00 AM,73880,0.343,3.43,,,,
2050,01/14/10 04:30:00 AM,73866,0.343,3.43,,,,
2051,01/14/10 05:00:00 AM,73880,0.343,3.43,,,,
2052,01/14/10 05:30:00 AM,73907,0.343,3.43,,,,
2053,01/14/10 06:00:00 AM,73893,0.343,3.43,,,,
2054,01/14/10 06:30:00 AM,73921,0.343,3.43,,,,
2055,01/14/10 07:00:00 AM,73948,0.343,3.43,,,,
2056,01/14/10 07:30:00 AM,73975,0.343,3.43,,,,
2057,01/14/10 08:00:00 AM,73989,0.343,3.43,,,,
2058,01/14/10 08:30:00 AM,74003,0.343,3.43,,,,
2059,01/14/10 09:00:00 AM,74030,0.343,3.43,,,,
2060,01/14/10 09:30:00 AM,74044,0.343,3.43,,,,
2061,01/14/10 10:00:00 AM,74085,0.343,3.43,,,,
2062,01/14/10 10:30:00 AM,74099,0.343,3.43,,,,
2063,01/14/10 11:00:00 AM,74099,0.343,3.43,,,,
2064,01/14/10 11:30:00 AM,74085,0.343,3.43,,,,
2065,01/14/10 12:00:00 PM,74085,0.343,3.43,,,,
2066,01/14/10 12:30:00 PM,74071,0.343,3.43,,,,
2067,01/14/10 01:00:00 PM,74057,0.343,3.43,,,,
2068,01/14/10 01:30:00 PM,74057,0.343,3.43,,,,
2069,01/14/10 02:00:00 PM,74085,0.343,3.43,,,,
2070,01/14/10 02:30:00 PM,74099,0.343,3.43,,,,
2071,01/14/10 03:00:00 PM,74140,0.343,3.43,,,,
2072,01/14/10 03:30:00 PM,74167,0.343,3.43,,,,
2073,01/14/10 04:00:00 PM,74153,0.343,3.43,,,,
2074,01/14/10 04:30:00 PM,74167,0.343,3.43,,,,
2075,01/14/10 05:00:00 PM,74222,0.343,3.43,,,,
2076,01/14/10 05:30:00 PM,74249,0.343,3.43,,,,
2077,01/14/10 06:00:00 PM,74277,0.343,3.43,,,,
2078,01/14/10 06:30:00 PM,74318,0.343,3.43,,,,
2079,01/14/10 07:00:00 PM,74359,0.343,3.43,,,,
2080,01/14/10 07:30:00 PM,74386,0.343,3.43,,,,
2081,01/14/10 08:00:00 PM,74386,0.343,3.43,,,,
2082,01/14/10 08:30:00 PM,74372,0.343,3.43,,,,
2083,01/14/10 09:00:00 PM,74413,0.343,3.43,,,,
2084,01/14/10 09:30:00 PM,74413,0.343,3.43,,,,
2085,01/14/10 10:00:00 PM,74454,0.343,3.43,,,,
2086,01/14/10 10:30:00 PM,74468,0.343,3.43,,,,
2087,01/14/10 11:00:00 PM,74482,0.343,3.43,,,,
2088,01/14/10 11:30:00 PM,74523,0.343,3.43,,,,
2089,01/15/10 12:00:00 AM,74550,0.343,3.43,,,,
2090,01/15/10 12:30:00 AM,74509,0.343,3.43,,,,
2091,01/15/10 01:00:00 AM,74523,0.343,3.43,,,,
2092,01/15/10 01:30:00 AM,74523,0.343,3.43,,,,
2093,01/15/10 02:00:00 AM,74550,0.343,3.43,,,,
2094,01/15/10 02:30:00 AM,74550,0.343,3.43,,,,
2095,01/15/10 03:00:00 AM,74537,0.343,3.43,,,,
2096,01/15/10 03:30:00 AM,74509,0.343,3.43,,,,
2097,01/15/10 04:00:00 AM,74482,0.343,3.43,,,,
2098,01/15/10 04:30:00 AM,74496,0.343,3.43,,,,
2099,01/15/10 05:00:00 AM,74496,0.343,3.43,,,,
2100,01/15/10 05:30:00 AM,74496,0.343,3.43,,,,
2101,01/15/10 06:00:00 AM,74496,0.343,3.43,,,,
2102,01/15/10 06:30:00 AM,74523,0.343,3.43,,,,
2103,01/15/10 07:00:00 AM,74550,0.343,3.43,,,,
2104,01/15/10 07:30:00 AM,74550,0.343,3.43,,,,
2105,01/15/10 08:00:00 AM,74591,0.343,3.43,,,,
2106,01/15/10 08:30:00 AM,74605,0.343,3.43,,,,
2107,01/15/10 09:00:00 AM,74632,0.343,3.43,,,,
2108,01/15/10 09:30:00 AM,74660,0.343,3.43,,,,
2109,01/15/10 10:00:00 AM,74660,0.343,3.43,,,,
2110,01/15/10 10:30:00 AM,74674,0.343,3.43,,,,
2111,01/15/10 11:00:00 AM,74632,0.343,3.43,,,,
2112,01/15/10 11:30:00 AM,74591,0.343,3.43,,,,
2113,01/15/10 12:00:00 PM,74591,0.343,3.43,,,,
2114,01/15/10 12:30:00 PM,74523,0.343,3.43,,,,
2115,01/15/10 01:00:00 PM,74496,0.343,3.43,,,,
2116,01/15/10 01:30:00 PM,74468,0.343,3.43,,,,
2117,01/15/10 02:00:00 PM,74454,0.343,3.43,,,,
2118,01/15/10 02:30:00 PM,74454,0.343,3.43,,,,
2119,01/15/10 03:00:00 PM,74468,0.343,3.43,,,,
2120,01/15/10 03:30:00 PM,74454,0.343,3.43,,,,
2121,01/15/10 04:00:00 PM,74441,0.343,3.43,,,,
2122,01/15/10 04:30:00 PM,74413,0.343,3.43,,,,
2123,01/15/10 05:00:00 PM,74427,0.343,3.43,,,,
2124,01/15/10 05:30:00 PM,74441,0.343,3.43,,,,
2125,01/15/10 06:00:00 PM,74441,0.343,3.43,,,,
2126,01/15/10 06:30:00 PM,74427,0.343,3.43,,,,
2127,01/15/10 07:00:00 PM,74454,0.343,3.43,,,,
2128,01/15/10 07:30:00 PM,74441,0.343,3.43,,,,
2129,01/15/10 08:00:00 PM,74441,0.343,3.43,,,,
2130,01/15/10 08:30:00 PM,74427,0.343,3.43,,,,
2131,01/15/10 09:00:00 PM,74441,0.343,3.43,,,,
2132,01/15/10 09:30:00 PM,74413,0.343,3.43,,,,
2133,01/15/10 10:00:00 PM,74400,0.343,3.43,,,,
2134,01/15/10 10:30:00 PM,74400,0.343,3.43,,,,
2135,01/15/10 11:00:00 PM,74359,0.343,3.43,,,,
2136,01/15/10 11:30:00 PM,74359,0.343,3.43,,,,
2137,01/16/10 12:00:00 AM,74345,0.343,3.43,,,,
2138,01/16/10 12:30:00 AM,74318,0.343,3.43,,,,
2139,01/16/10 01:00:00 AM,74290,0.343,3.43,,,,
2140,01/16/10 01:30:00 AM,74277,0.343,3.43,,,,
2141,01/16/10 02:00:00 AM,74263,0.343,3.43,,,,
2142,01/16/10 02:30:00 AM,74249,0.343,3.43,,,,
2143,01/16/10 03:00:00 AM,74249,0.343,3.43,,,,
2144,01/16/10 03:30:00 AM,74235,0.343,3.43,,,,
2145,01/16/10 04:00:00 AM,74222,0.343,3.43,,,,
2146,01/16/10 04:30:00 AM,74208,0.343,3.43,,,,
2147,01/16/10 05:00:00 AM,74208,0.343,3.43,,,,
2148,01/16/10 05:30:00 AM,74208,0.343,3.43,,,,
2149,01/16/10 06:00:00 AM,74194,0.343,3.43,,,,
2150,01/16/10 06:30:00 AM,74194,0.343,3.43,,,,
2151,01/16/10 07:00:00 AM,74194,0.343,3.43,,,,
2152,01/16/10 07:30:00 AM,74222,0.343,3.43,,,,
2153,01/16/10 08:00:00 AM,74235,0.343,3.43,,,,
2154,01/16/10 08:30:00 AM,74235,0.343,3.43,,,,
2155,01/16/10 09:00:00 AM,74249,0.343,3.43,,,,
2156,01/16/10 09:30:00 AM,74222,0.343,3.43,,,,
2157,01/16/10 10:00:00 AM,74222,0.343,3.43,,,,
2158,01/16/10 10:30:00 AM,74235,0.343,3.43,,,,
2159,01/16/10 11:00:00 AM,74194,0.343,3.43,,,,
2160,01/16/10 11:30:00 AM,74167,0.343,3.43,,,,
2161,01/16/10 12:00:00 PM,74140,0.343,3.43,,,,
2162,01/16/10 12:30:00 PM,74085,0.343,3.43,,,,
2163,01/16/10 01:00:00 PM,74044,0.343,3.43,,,,
2164,01/16/10 01:30:00 PM,73989,0.343,3.43,,,,
2165,01/16/10 02:00:00 PM,74003,0.343,3.43,,,,
2166,01/16/10 02:30:00 PM,74016,0.343,3.43,,,,
2167,01/16/10 03:00:00 PM,74016,0.343,3.43,,,,
2168,01/16/10 03:30:00 PM,74030,0.343,3.43,,,,
2169,01/16/10 04:00:00 PM,74044,0.343,3.43,,,,
2170,01/16/10 04:30:00 PM,74044,0.343,3.43,,,,
2171,01/16/10 05:00:00 PM,74071,0.343,3.43,,,,
2172,01/16/10 05:30:00 PM,74071,0.343,3.43,,,,
2173,01/16/10 06:00:00 PM,74071,0.343,3.43,,,,
2174,01/16/10 06:30:00 PM,74085,0.343,3.43,,,,
2175,01/16/10 07:00:00 PM,74071,0.343,3.43,,,,
2176,01/16/10 07:30:00 PM,74085,0.343,3.43,,,,
2177,01/16/10 08:00:00 PM,74085,0.343,3.43,,,,
2178,01/16/10 08:30:00 PM,74071,0.343,3.43,,,,
2179,01/16/10 09:00:00 PM,74071,0.343,3.43,,,,
2180,01/16/10 09:30:00 PM,74085,0.343,3.43,,,,
2181,01/16/10 10:00:00 PM,74099,0.343,3.43,,,,
2182,01/16/10 10:30:00 PM,74085,0.343,3.43,,,,
2183,01/16/10 11:00:00 PM,74057,0.343,3.43,,,,
2184,01/16/10 11:30:00 PM,74030,0.343,3.43,,,,
2185,01/17/10 12:00:00 AM,74016,0.343,3.43,,,,
2186,01/17/10 12:30:00 AM,74003,0.343,3.43,,,,
2187,01/17/10 01:00:00 AM,73975,0.343,3.43,,,,
2188,01/17/10 01:30:00 AM,73975,0.343,3.43,,,,
2189,01/17/10 02:00:00 AM,73948,0.343,3.43,,,,
2190,01/17/10 02:30:00 AM,73948,0.343,3.43,,,,
2191,01/17/10 03:00:00 AM,73948,0.343,3.43,,,,
2192,01/17/10 03:30:00 AM,73921,0.343,3.43,,,,
2193,01/17/10 04:00:00 AM,73934,0.343,3.43,,,,
2194,01/17/10 04:30:00 AM,73907,0.343,3.43,,,,
2195,01/17/10 05:00:00 AM,73921,0.343,3.43,,,,
2196,01/17/10 05:30:00 AM,73921,0.343,3.43,,,,
2197,01/17/10 06:00:00 AM,73893,0.343,3.43,,,,
2198,01/17/10 06:30:00 AM,73893,0.343,3.43,,,,
2199,01/17/10 07:00:00 AM,73893,0.343,3.43,,,,
2200,01/17/10 07:30:00 AM,73907,0.343,3.43,,,,
2201,01/17/10 08:00:00 AM,73921,0.343,3.43,,,,
2202,01/17/10 08:30:00 AM,73921,0.343,3.43,,,,
2203,01/17/10 09:00:00 AM,73948,0.343,3.43,,,,
2204,01/17/10 09:30:00 AM,73948,0.343,3.43,,,,
2205,01/17/10 10:00:00 AM,73962,0.343,3.43,,,,
2206,01/17/10 10:30:00 AM,73921,0.343,3.43,,,,
2207,01/17/10 11:00:00 AM,73907,0.343,3.43,,,,
2208,01/17/10 11:30:00 AM,73852,0.343,3.43,,,,
2209,01/17/10 12:00:00 PM,73797,0.343,3.43,,,,
2210,01/17/10 12:30:00 PM,73770,0.343,3.43,,,,
2211,01/17/10 01:00:00 PM,73729,0.343,3.43,,,,
2212,01/17/10 01:30:00 PM,73688,0.343,3.43,,,,
2213,01/17/10 02:00:00 PM,73715,0.343,3.43,,,,
2214,01/17/10 02:30:00 PM,73729,0.343,3.43,,,,
2215,01/17/10 03:00:00 PM,73729,0.343,3.43,,,,
2216,01/17/10 03:30:00 PM,73756,0.343,3.43,,,,
2217,01/17/10 04:00:00 PM,73770,0.343,3.43,,,,
2218,01/17/10 04:30:00 PM,73784,0.343,3.43,,,,
2219,01/17/10 05:00:00 PM,73770,0.343,3.43,,,,
2220,01/17/10 05:30:00 PM,73811,0.343,3.43,,,,
2221,01/17/10 06:00:00 PM,73825,0.343,3.43,,,,
2222,01/17/10 06:30:00 PM,73852,0.343,3.43,,,,
2223,01/17/10 07:00:00 PM,73866,0.343,3.43,,,,
2224,01/17/10 07:30:00 PM,73893,0.343,3.43,,,,
2225,01/17/10 08:00:00 PM,73907,0.343,3.43,,,,
2226,01/17/10 08:30:00 PM,73934,0.343,3.43,,,,
2227,01/17/10 09:00:00 PM,73934,0.343,3.43,,,,
2228,01/17/10 09:30:00 PM,73948,0.343,3.43,,,,
2229,01/17/10 10:00:00 PM,73948,0.343,3.43,,,,
2230,01/17/10 10:30:00 PM,73934,0.343,3.43,,,,
2231,01/17/10 11:00:00 PM,73934,0.343,3.43,,,,
2232,01/17/10 11:30:00 PM,73921,0.343,3.43,,,,
2233,01/18/10 12:00:00 AM,73934,0.343,3.43,,,,
2234,01/18/10 12:30:00 AM,73921,0.343,3.43,,,,
2235,01/18/10 01:00:00 AM,73921,0.343,3.43,,,,
2236,01/18/10 01:30:00 AM,73907,0.343,3.43,,,,
2237,01/18/10 02:00:00 AM,73893,0.343,3.43,,,,
2238,01/18/10 02:30:00 AM,73880,0.343,3.43,,,,
2239,01/18/10 03:00:00 AM,73893,0.343,3.43,,,,
2240,01/18/10 03:30:00 AM,73866,0.343,3.43,,,,
2241,01/18/10 04:00:00 AM,73866,0.343,3.43,,,,
2242,01/18/10 04:30:00 AM,73866,0.343,3.43,,,,
2243,01/18/10 05:00:00 AM,73880,0.343,3.43,,,,
2244,01/18/10 05:30:00 AM,73880,0.343,3.43,,,,
2245,01/18/10 06:00:00 AM,73907,0.343,3.43,,,,
2246,01/18/10 06:30:00 AM,73921,0.343,3.43,,,,
2247,01/18/10 07:00:00 AM,73893,0.343,3.43,,,,
2248,01/18/10 07:30:00 AM,73907,0.343,3.43,,,,
2249,01/18/10 08:00:00 AM,73921,0.343,3.43,,,,
2250,01/18/10 08:30:00 AM,73934,0.343,3.43,,,,
2251,01/18/10 09:00:00 AM,73934,0.343,3.43,,,,
2252,01/18/10 09:30:00 AM,73934,0.343,3.43,,,,
2253,01/18/10 10:00:00 AM,73962,0.343,3.43,,,,
2254,01/18/10 10:30:00 AM,73962,0.343,3.43,,,,
2255,01/18/10 11:00:00 AM,73948,0.343,3.43,,,,
2256,01/18/10 11:30:00 AM,73934,0.343,3.43,,,,
2257,01/18/10 12:00:00 PM,73893,0.343,3.43,,,,
2258,01/18/10 12:30:00 PM,73838,0.343,3.43,,,,
2259,01/18/10 01:00:00 PM,73825,0.343,3.43,,,,
2260,01/18/10 01:30:00 PM,73784,0.343,3.43,,,,
2261,01/18/10 02:00:00 PM,73770,0.343,3.43,,,,
2262,01/18/10 02:30:00 PM,73811,0.343,3.43,,,,
2263,01/18/10 03:00:00 PM,73811,0.343,3.43,,,,
2264,01/18/10 03:30:00 PM,73784,0.343,3.43,,,,
2265,01/18/10 04:00:00 PM,73825,0.343,3.43,,,,
2266,01/18/10 04:30:00 PM,73797,0.343,3.43,,,,
2267,01/18/10 05:00:00 PM,73811,0.343,3.43,,,,
2268,01/18/10 05:30:00 PM,73838,0.343,3.43,,,,
2269,01/18/10 06:00:00 PM,73825,0.343,3.43,,,,
2270,01/18/10 06:30:00 PM,73838,0.343,3.43,,,,
2271,01/18/10 07:00:00 PM,73866,0.343,3.43,,,,
2272,01/18/10 07:30:00 PM,73811,0.343,3.43,,,,
2273,01/18/10 08:00:00 PM,73811,0.343,3.43,,,,
2274,01/18/10 08:30:00 PM,73825,0.343,3.43,,,,
2275,01/18/10 09:00:00 PM,73811,0.343,3.43,,,,
2276,01/18/10 09:30:00 PM,73825,0.343,3.43,,,,
2277,01/18/10 10:00:00 PM,73825,0.343,3.43,,,,
2278,01/18/10 10:30:00 PM,73797,0.343,3.43,,,,
2279,01/18/10 11:00:00 PM,73743,0.343,3.43,,,,
2280,01/18/10 11:30:00 PM,73729,0.343,3.43,,,,
2281,01/19/10 12:00:00 AM,73715,0.343,3.43,,,,
2282,01/19/10 12:30:00 AM,73702,0.343,3.43,,,,
2283,01/19/10 01:00:00 AM,73674,0.343,3.43,,,,
2284,01/19/10 01:30:00 AM,73674,0.343,3.43,,,,
2285,01/19/10 02:00:00 AM,73633,0.343,3.43,,,,
2286,01/19/10 02:30:00 AM,73633,0.343,3.43,,,,
2287,01/19/10 03:00:00 AM,73619,0.343,3.43,,,,
2288,01/19/10 03:30:00 AM,73578,0.343,3.43,,,,
2289,01/19/10 04:00:00 AM,73524,0.343,3.43,,,,
2290,01/19/10 04:30:00 AM,73510,0.343,3.43,,,,
2291,01/19/10 05:00:00 AM,73496,0.343,3.43,,,,
2292,01/19/10 05:30:00 AM,73483,0.343,3.43,,,,
2293,01/19/10 06:00:00 AM,73455,0.343,3.43,,,,
2294,01/19/10 06:30:00 AM,73442,0.343,3.43,,,,
2295,01/19/10 07:00:00 AM,73455,0.343,3.43,,,,
2296,01/19/10 07:30:00 AM,73442,0.343,3.43,,,,
2297,01/19/10 08:00:00 AM,73442,0.343,3.43,,,,
2298,01/19/10 08:30:00 AM,73455,0.343,3.43,,,,
2299,01/19/10 09:00:00 AM,73469,0.343,3.43,,,,
2300,01/19/10 09:30:00 AM,73469,0.343,3.43,,,,
2301,01/19/10 10:00:00 AM,73496,0.343,3.43,,,,
2302,01/19/10 10:30:00 AM,73496,0.343,3.43,,,,
2303,01/19/10 11:00:00 AM,73483,0.343,3.43,,,,
2304,01/19/10 11:30:00 AM,73469,0.343,3.43,,,,
2305,01/19/10 12:00:00 PM,73414,0.343,3.43,,,,
2306,01/19/10 12:30:00 PM,73332,0.343,3.43,,,,
2307,01/19/10 01:00:00 PM,73428,0.343,3.43,,,,
2308,01/19/10 01:30:00 PM,73387,0.343,3.43,,,,
2309,01/19/10 02:00:00 PM,73359,0.343,3.43,,,,
2310,01/19/10 02:30:00 PM,73359,0.343,3.43,,,,
2311,01/19/10 03:00:00 PM,73346,0.343,3.43,,,,
2312,01/19/10 03:30:00 PM,73332,0.343,3.43,,,,
2313,01/19/10 04:00:00 PM,73346,0.343,3.43,,,,
2314,01/19/10 04:30:00 PM,73318,0.343,3.43,,,,
2315,01/19/10 05:00:00 PM,73346,0.343,3.43,,,,
2316,01/19/10 05:30:00 PM,73373,0.343,3.43,,,,
2317,01/19/10 06:00:00 PM,73400,0.343,3.43,,,,
2318,01/19/10 06:30:00 PM,73359,0.343,3.43,,,,
2319,01/19/10 07:00:00 PM,73400,0.343,3.43,,,,
2320,01/19/10 07:30:00 PM,73400,0.343,3.43,,,,
2321,01/19/10 08:00:00 PM,73332,0.343,3.43,,,,
2322,01/19/10 08:30:00 PM,73346,0.343,3.43,,,,
2323,01/19/10 09:00:00 PM,73387,0.343,3.43,,,,
2324,01/19/10 09:30:00 PM,73359,0.343,3.43,,,,
2325,01/19/10 10:00:00 PM,73373,0.343,3.43,,,,
2326,01/19/10 10:30:00 PM,73318,0.343,3.43,,,,
2327,01/19/10 11:00:00 PM,73264,0.343,3.43,,,,
2328,01/19/10 11:30:00 PM,73250,0.343,3.43,,,,
2329,01/20/10 12:00:00 AM,73209,0.343,3.43,,,,
2330,01/20/10 12:30:00 AM,73127,0.343,3.43,,,,
2331,01/20/10 01:00:00 AM,73058,0.343,3.43,,,,
2332,01/20/10 01:30:00 AM,73017,0.343,3.43,,,,
2333,01/20/10 02:00:00 AM,72976,0.343,3.43,,,,
2334,01/20/10 02:30:00 AM,72935,0.343,3.43,,,,
2335,01/20/10 03:00:00 AM,72908,0.343,3.43,,,,
2336,01/20/10 03:30:00 AM,72894,0.343,3.43,,,,
2337,01/20/10 04:00:00 AM,72880,0.343,3.43,,,,
2338,01/20/10 04:30:00 AM,72880,0.343,3.43,,,,
2339,01/20/10 05:00:00 AM,72826,0.343,3.43,,,,
2340,01/20/10 05:30:00 AM,72812,0.343,3.43,,,,
2341,01/20/10 06:00:00 AM,72812,0.343,3.43,,,,
2342,01/20/10 06:30:00 AM,72826,0.343,3.43,,,,
2343,01/20/10 07:00:00 AM,72812,0.343,3.43,,,,
2344,01/20/10 07:30:00 AM,72826,0.343,3.43,,,,
2345,01/20/10 08:00:00 AM,72826,0.343,3.43,,,,
2346,01/20/10 08:30:00 AM,72853,0.343,3.43,,,,
2347,01/20/10 09:00:00 AM,72826,0.343,3.43,,,,
2348,01/20/10 09:30:00 AM,72867,0.343,3.43,,,,
2349,01/20/10 10:00:00 AM,72921,0.343,3.43,,,,
2350,01/20/10 10:30:00 AM,72894,0.343,3.43,,,,
2351,01/20/10 11:00:00 AM,72853,0.343,3.43,,,,
2352,01/20/10 11:30:00 AM,72880,0.343,3.43,,,,
2353,01/20/10 12:00:00 PM,72880,0.343,3.43,,,,
2354,01/20/10 12:30:00 PM,72867,0.343,3.43,,,,
2355,01/20/10 01:00:00 PM,72826,0.343,3.43,,,,
2356,01/20/10 01:30:00 PM,72826,0.343,3.43,,,,
2357,01/20/10 02:00:00 PM,72839,0.343,3.43,,,,
2358,01/20/10 02:30:00 PM,72853,0.343,3.43,,,,
2359,01/20/10 03:00:00 PM,72880,0.343,3.43,,,,
2360,01/20/10 03:30:00 PM,72921,0.343,3.43,,,,
2361,01/20/10 04:00:00 PM,72963,0.343,3.43,,,,
2362,01/20/10 04:30:00 PM,72990,0.343,3.43,,,,
2363,01/20/10 05:00:00 PM,73017,0.343,3.43,,,,
2364,01/20/10 05:30:00 PM,73045,0.343,3.43,,,,
2365,01/20/10 06:00:00 PM,73058,0.343,3.43,,,,
2366,01/20/10 06:30:00 PM,73072,0.343,3.43,,,,
2367,01/20/10 07:00:00 PM,73072,0.343,3.43,,,,
2368,01/20/10 07:30:00 PM,73099,0.343,3.43,,,,
2369,01/20/10 08:00:00 PM,73113,0.343,3.43,,,,
2370,01/20/10 08:30:00 PM,73154,0.343,3.43,,,,
2371,01/20/10 09:00:00 PM,73154,0.343,3.43,,,,
2372,01/20/10 09:30:00 PM,73168,0.343,3.43,,,,
2373,01/20/10 10:00:00 PM,73182,0.343,3.43,,,,
2374,01/20/10 10:30:00 PM,73195,0.343,3.43,,,,
2375,01/20/10 11:00:00 PM,73209,0.343,3.43,,,,
2376,01/20/10 11:30:00 PM,73223,0.343,3.43,,,,
2377,01/21/10 12:00:00 AM,73250,0.343,3.43,,,,
2378,01/21/10 12:30:00 AM,73236,0.343,3.43,,,,
2379,01/21/10 01:00:00 AM,73236,0.343,3.43,,,,
2380,01/21/10 01:30:00 AM,73209,0.343,3.43,,,,
2381,01/21/10 02:00:00 AM,73223,0.343,3.43,,,,
2382,01/21/10 02:30:00 AM,73209,0.343,3.43,,,,
2383,01/21/10 03:00:00 AM,73182,0.343,3.43,,,,
2384,01/21/10 03:30:00 AM,73168,0.343,3.43,,,,
2385,01/21/10 04:00:00 AM,73113,0.343,3.43,,,,
2386,01/21/10 04:30:00 AM,73127,0.343,3.43,,,,
2387,01/21/10 05:00:00 AM,73113,0.343,3.43,,,,
2388,01/21/10 05:30:00 AM,73086,0.343,3.43,,,,
2389,01/21/10 06:00:00 AM,73058,0.453,3.43,,,,
2390,01/21/10 06:30:00 AM,73086,0.343,3.43,,,,
2391,01/21/10 07:00:00 AM,73086,0.343,3.43,,,,
2392,01/21/10 07:30:00 AM,73045,0.343,3.43,,,,
2393,01/21/10 08:00:00 AM,73058,0.453,3.43,,,,
2394,01/21/10 08:30:00 AM,73072,0.343,3.43,,,,
2395,01/21/10 09:00:00 AM,73099,0.453,3.43,,,,
2396,01/21/10 09:30:00 AM,73086,0.343,3.43,,,,
2397,01/21/10 10:00:00 AM,73058,0.343,3.43,,,,
2398,01/21/10 10:30:00 AM,73058,0.343,3.43,,,,
2399,01/21/10 11:00:00 AM,73045,0.343,3.43,,,,
2400,01/21/10 11:30:00 AM,73017,0.343,3.43,,,,
2401,01/21/10 12:00:00 PM,72963,0.343,3.43,,,,
2402,01/21/10 12:30:00 PM,72921,0.343,3.43,,,,
2403,01/21/10 01:00:00 PM,72894,0.343,3.43,,,,
2404,01/21/10 01:30:00 PM,72894,0.343,3.43,,,,
2405,01/21/10 02:00:00 PM,72867,0.343,3.43,,,,
2406,01/21/10 02:30:00 PM,72867,0.343,3.43,,,,
2407,01/21/10 03:00:00 PM,72880,0.343,3.43,,,,
2408,01/21/10 03:30:00 PM,72894,0.343,3.43,,,,
2409,01/21/10 04:00:00 PM,72935,0.343,3.43,,,,
2410,01/21/10 04:30:00 PM,72935,0.343,3.43,,,,
2411,01/21/10 05:00:00 PM,72894,0.343,3.43,,,,
2412,01/21/10 05:30:00 PM,72949,0.343,3.43,,,,
2413,01/21/10 06:00:00 PM,72935,0.343,3.43,,,,
2414,01/21/10 06:30:00 PM,72949,0.343,3.43,,,,
2415,01/21/10 07:00:00 PM,72963,0.343,3.43,,,,
2416,01/21/10 07:30:00 PM,72949,0.343,3.43,,,,
2417,01/21/10 08:00:00 PM,72908,0.343,3.43,,,,
2418,01/21/10 08:30:00 PM,72921,0.343,3.43,,,,
2419,01/21/10 09:00:00 PM,72921,0.343,3.43,,,,
2420,01/21/10 09:30:00 PM,72839,0.343,3.43,,,,
2421,01/21/10 10:00:00 PM,72853,0.343,3.43,,,,
2422,01/21/10 10:30:00 PM,72798,0.343,3.43,,,,
2423,01/21/10 11:00:00 PM,72757,0.343,3.43,,,,
2424,01/21/10 11:30:00 PM,72744,0.343,3.43,,,,
2425,01/22/10 12:00:00 AM,72716,0.343,3.43,,,,
2426,01/22/10 12:30:00 AM,72689,0.343,3.43,,,,
2427,01/22/10 01:00:00 AM,72607,0.343,3.43,,,,
2428,01/22/10 01:30:00 AM,72579,0.343,3.43,,,,
2429,01/22/10 02:00:00 AM,72552,0.343,3.43,,,,
2430,01/22/10 02:30:00 AM,72552,0.343,3.43,,,,
2431,01/22/10 03:00:00 AM,72511,0.343,3.43,,,,
2432,01/22/10 03:30:00 AM,72497,0.343,3.43,,,,
2433,01/22/10 04:00:00 AM,72497,0.343,3.43,,,,
2434,01/22/10 04:30:00 AM,72579,0.343,3.43,,,,
2435,01/22/10 05:00:00 AM,72511,0.343,3.43,,,,
2436,01/22/10 05:30:00 AM,72552,0.343,3.43,,,,
2437,01/22/10 06:00:00 AM,72552,0.343,3.43,,,,
2438,01/22/10 06:30:00 AM,72538,0.343,3.43,,,,
2439,01/22/10 07:00:00 AM,72525,0.343,3.43,,,,
2440,01/22/10 07:30:00 AM,72566,0.343,3.43,,,,
2441,01/22/10 08:00:00 AM,72538,0.343,3.43,,,,
2442,01/22/10 08:30:00 AM,72538,0.343,3.43,,,,
2443,01/22/10 09:00:00 AM,72538,0.343,3.43,,,,
2444,01/22/10 09:30:00 AM,72538,0.343,3.43,,,,
2445,01/22/10 10:00:00 AM,72510,0.453,3.43,,,,
2446,01/22/10 10:30:00 AM,72538,0.343,3.43,,,,
2447,01/22/10 11:00:00 AM,72566,0.343,3.43,,,,
2448,01/22/10 11:30:00 AM,72525,0.343,3.43,,,,
2449,01/22/10 12:00:00 PM,72470,0.343,3.43,,,,
2450,01/22/10 12:30:00 PM,72456,0.343,3.43,,,,
2451,01/22/10 01:00:00 PM,72415,0.343,3.43,,,,
2452,01/22/10 01:30:00 PM,72415,0.343,3.43,,,,
2453,01/22/10 02:00:00 PM,72456,0.343,3.43,,,,
2454,01/22/10 02:30:00 PM,72456,0.343,3.43,,,,
2455,01/22/10 03:00:00 PM,72443,0.343,3.43,,,,
2456,01/22/10 03:30:00 PM,72484,0.343,3.43,,,,
2457,01/22/10 04:00:00 PM,72579,0.343,3.43,,,,
2458,01/22/10 04:30:00 PM,72579,0.343,3.43,,,,
2459,01/22/10 05:00:00 PM,72566,0.343,3.43,,,,
2460,01/22/10 05:30:00 PM,72593,0.343,3.43,,,,
2461,01/22/10 06:00:00 PM,72648,0.343,3.43,,,,
2462,01/22/10 06:30:00 PM,72675,0.343,3.43,,,,
2463,01/22/10 07:00:00 PM,72703,0.343,3.43,,,,
2464,01/22/10 07:30:00 PM,72716,0.343,3.43,,,,
2465,01/22/10 08:00:00 PM,72730,0.343,3.43,,,,
2466,01/22/10 08:30:00 PM,72716,0.343,3.43,,,,
2467,01/22/10 09:00:00 PM,72716,0.343,3.43,,,,
2468,01/22/10 09:30:00 PM,72730,0.343,3.43,,,,
2469,01/22/10 10:00:00 PM,72730,0.343,3.43,,,,
2470,01/22/10 10:30:00 PM,72703,0.343,3.43,,,,
2471,01/22/10 11:00:00 PM,72689,0.343,3.43,,,,
2472,01/22/10 11:30:00 PM,72703,0.343,3.43,,,,
2473,01/23/10 12:00:00 AM,72648,0.343,3.43,,,,
2474,01/23/10 12:30:00 AM,72648,0.343,3.43,,,,
2475,01/23/10 01:00:00 AM,72620,0.343,3.43,,,,
2476,01/23/10 01:30:00 AM,72607,0.343,3.43,,,,
2477,01/23/10 02:00:00 AM,72607,0.343,3.43,,,,
2478,01/23/10 02:30:00 AM,72593,0.343,3.43,,,,
2479,01/23/10 03:00:00 AM,72579,0.343,3.43,,,,
2480,01/23/10 03:30:00 AM,72538,0.343,3.43,,,,
2481,01/23/10 04:00:00 AM,72552,0.343,3.43,,,,
2482,01/23/10 04:30:00 AM,72566,0.343,3.43,,,,
2483,01/23/10 05:00:00 AM,72579,0.343,3.43,,,,
2484,01/23/10 05:30:00 AM,72607,0.343,3.43,,,,
2485,01/23/10 06:00:00 AM,72607,0.343,3.43,,,,
2486,01/23/10 06:30:00 AM,72648,0.343,3.43,,,,
2487,01/23/10 07:00:00 AM,72675,0.343,3.43,,,,
2488,01/23/10 07:30:00 AM,72703,0.343,3.43,,,,
2489,01/23/10 08:00:00 AM,72730,0.343,3.43,,,,
2490,01/23/10 08:30:00 AM,72757,0.343,3.43,,,,
2491,01/23/10 09:00:00 AM,72785,0.343,3.43,,,,
2492,01/23/10 09:30:00 AM,72812,0.343,3.43,,,,
2493,01/23/10 10:00:00 AM,72826,0.343,3.43,,,,
2494,01/23/10 10:30:00 AM,72853,0.343,3.43,,,,
2495,01/23/10 11:00:00 AM,72853,0.343,3.43,,,,
2496,01/23/10 11:30:00 AM,72826,0.343,3.43,,,,
2497,01/23/10 12:00:00 PM,72812,0.343,3.43,,,,
2498,01/23/10 12:30:00 PM,72785,0.343,3.43,,,,
2499,01/23/10 01:00:00 PM,72757,0.343,3.43,,,,
2500,01/23/10 01:30:00 PM,72757,0.343,3.43,,,,
2501,01/23/10 02:00:00 PM,72771,0.343,3.43,,,,
2502,01/23/10 02:30:00 PM,72812,0.343,3.43,,,,
2503,01/23/10 03:00:00 PM,72826,0.343,3.43,,,,
2504,01/23/10 03:30:00 PM,72867,0.343,3.43,,,,
2505,01/23/10 04:00:00 PM,72908,0.343,3.43,,,,
2506,01/23/10 04:30:00 PM,72949,0.343,3.43,,,,
2507,01/23/10 05:00:00 PM,72990,0.343,3.43,,,,
2508,01/23/10 05:30:00 PM,73004,0.343,3.43,,,,
2509,01/23/10 06:00:00 PM,73045,0.343,3.43,,,,
2510,01/23/10 06:30:00 PM,73058,0.343,3.43,,,,
2511,01/23/10 07:00:00 PM,73086,0.343,3.43,,,,
2512,01/23/10 07:30:00 PM,73099,0.343,3.43,,,,
2513,01/23/10 08:00:00 PM,73127,0.343,3.43,,,,
2514,01/23/10 08:30:00 PM,73154,0.343,3.43,,,,
2515,01/23/10 09:00:00 PM,73168,0.343,3.43,,,,
2516,01/23/10 09:30:00 PM,73182,0.343,3.43,,,,
2517,01/23/10 10:00:00 PM,73195,0.343,3.43,,,,
2518,01/23/10 10:30:00 PM,73209,0.343,3.43,,,,
2519,01/23/10 11:00:00 PM,73223,0.343,3.43,,,,
2520,01/23/10 11:30:00 PM,73236,0.343,3.43,,,,
2521,01/24/10 12:00:00 AM,73236,0.343,3.43,,,,
2522,01/24/10 12:30:00 AM,73223,0.343,3.43,,,,
2523,01/24/10 01:00:00 AM,73209,0.343,3.43,,,,
2524,01/24/10 01:30:00 AM,73223,0.343,3.43,,,,
2525,01/24/10 02:00:00 AM,73250,0.343,3.43,,,,
2526,01/24/10 02:30:00 AM,73264,0.343,3.43,,,,
2527,01/24/10 03:00:00 AM,73250,0.343,3.43,,,,
2528,01/24/10 03:30:00 AM,73250,0.343,3.43,,,,
2529,01/24/10 04:00:00 AM,73236,0.343,3.43,,,,
2530,01/24/10 04:30:00 AM,73250,0.343,3.43,,,,
2531,01/24/10 05:00:00 AM,73305,0.343,3.43,,,,
2532,01/24/10 05:30:00 AM,73291,0.343,3.43,,,,
2533,01/24/10 06:00:00 AM,73332,0.343,3.43,,,,
2534,01/24/10 06:30:00 AM,73318,0.343,3.43,,,,
2535,01/24/10 07:00:00 AM,73373,0.343,3.43,,,,
2536,01/24/10 07:30:00 AM,73414,0.343,3.43,,,,
2537,01/24/10 08:00:00 AM,73455,0.343,3.43,,,,
2538,01/24/10 08:30:00 AM,73524,0.343,3.43,,,,
2539,01/24/10 09:00:00 AM,73551,0.343,3.43,,,,
2540,01/24/10 09:30:00 AM,73565,0.343,3.43,,,,
2541,01/24/10 10:00:00 AM,73592,0.343,3.43,,,,
2542,01/24/10 10:30:00 AM,73647,0.343,3.43,,,,
2543,01/24/10 11:00:00 AM,73619,0.343,3.43,,,,
2544,01/24/10 11:30:00 AM,73619,0.343,3.43,,,,
2545,01/24/10 12:00:00 PM,73578,0.453,3.43,,,,
2546,01/24/10 12:30:00 PM,73537,0.343,3.43,,,,
2547,01/24/10 01:00:00 PM,73524,0.343,3.43,,,,
2548,01/24/10 01:30:00 PM,73510,0.453,3.43,,,,
2549,01/24/10 02:00:00 PM,73510,0.343,3.43,,,,
2550,01/24/10 02:30:00 PM,73537,0.343,3.43,,,,
2551,01/24/10 03:00:00 PM,73551,0.343,3.43,,,,
2552,01/24/10 03:30:00 PM,73565,0.343,3.43,,,,
2553,01/24/10 04:00:00 PM,73565,0.343,3.43,,,,
2554,01/24/10 04:30:00 PM,73592,0.343,3.43,,,,
2555,01/24/10 05:00:00 PM,73606,0.343,3.43,,,,
2556,01/24/10 05:30:00 PM,73592,0.343,3.43,,,,
2557,01/24/10 06:00:00 PM,73619,0.343,3.43,,,,
2558,01/24/10 06:30:00 PM,73647,0.343,3.43,,,,
2559,01/24/10 07:00:00 PM,73674,0.343,3.43,,,,
2560,01/24/10 07:30:00 PM,73674,0.343,3.43,,,,
2561,01/24/10 08:00:00 PM,73688,0.343,3.43,,,,
2562,01/24/10 08:30:00 PM,73674,0.343,3.43,,,,
2563,01/24/10 09:00:00 PM,73702,0.343,3.43,,,,
2564,01/24/10 09:30:00 PM,73715,0.343,3.43,,,,
2565,01/24/10 10:00:00 PM,73715,0.343,3.43,,,,
2566,01/24/10 10:30:00 PM,73702,0.343,3.43,,,,
2567,01/24/10 11:00:00 PM,73729,0.343,3.43,,,,
2568,01/24/10 11:30:00 PM,73715,0.343,3.43,,,,
2569,01/25/10 12:00:00 AM,73702,0.343,3.43,,,,
2570,01/25/10 12:30:00 AM,73715,0.343,3.43,,,,
2571,01/25/10 01:00:00 AM,73702,0.343,3.43,,,,
2572,01/25/10 01:30:00 AM,73688,0.343,3.43,,,,
2573,01/25/10 02:00:00 AM,73688,0.343,3.43,,,,
2574,01/25/10 02:30:00 AM,73674,0.343,3.43,,,,
2575,01/25/10 03:00:00 AM,73688,0.343,3.43,,,,
2576,01/25/10 03:30:00 AM,73674,0.343,3.43,,,,
2577,01/25/10 04:00:00 AM,73660,0.453,3.43,,,,
2578,01/25/10 04:30:00 AM,73674,0.343,3.43,,,,
2579,01/25/10 05:00:00 AM,73702,0.343,3.43,,,,
2580,01/25/10 05:30:00 AM,73688,0.343,3.43,,,,
2581,01/25/10 06:00:00 AM,73715,0.343,3.43,,,,
2582,01/25/10 06:30:00 AM,73715,0.343,3.43,,,,
2583,01/25/10 07:00:00 AM,73729,0.343,3.43,,,,
2584,01/25/10 07:30:00 AM,73743,0.343,3.43,,,,
2585,01/25/10 08:00:00 AM,73743,0.343,3.43,,,,
2586,01/25/10 08:30:00 AM,73770,0.343,3.43,,,,
2587,01/25/10 09:00:00 AM,73784,0.343,3.43,,,,
2588,01/25/10 09:30:00 AM,73838,0.343,3.43,,,,
2589,01/25/10 10:00:00 AM,73852,0.453,3.43,,,,
2590,01/25/10 10:30:00 AM,73852,0.343,3.43,,,,
2591,01/25/10 11:00:00 AM,73811,0.343,3.43,,,,
2592,01/25/10 11:30:00 AM,73825,0.343,3.43,,,,
2593,01/25/10 12:00:00 PM,73811,0.343,3.43,,,,
2594,01/25/10 12:30:00 PM,73770,0.343,3.43,,,,
2595,01/25/10 01:00:00 PM,73784,0.343,3.43,,,,
2596,01/25/10 01:30:00 PM,73742,0.453,3.43,,,,
2597,01/25/10 02:00:00 PM,73743,0.343,3.43,,,,
2598,01/25/10 02:30:00 PM,73811,0.343,3.43,,,,
2599,01/25/10 03:00:00 PM,73838,0.343,3.43,,,,
2600,01/25/10 03:30:00 PM,73838,0.343,3.43,,,,
2601,01/25/10 04:00:00 PM,73825,0.343,3.43,,,,
2602,01/25/10 04:30:00 PM,73838,0.343,3.43,,,,
2603,01/25/10 05:00:00 PM,73880,0.343,3.43,,,,
2604,01/25/10 05:30:00 PM,73880,0.343,3.43,,,,
2605,01/25/10 06:00:00 PM,73880,0.343,3.43,,,,
2606,01/25/10 06:30:00 PM,73906,0.453,3.43,,,,
2607,01/25/10 07:00:00 PM,73921,0.343,3.43,,,,
2608,01/25/10 07:30:00 PM,73948,0.343,3.43,,,,
2609,01/25/10 08:00:00 PM,73962,0.343,3.43,,,,
2610,01/25/10 08:30:00 PM,73989,0.343,3.43,,,,
2611,01/25/10 09:00:00 PM,74003,0.343,3.43,,,,
2612,01/25/10 09:30:00 PM,74030,0.343,3.43,,,,
2613,01/25/10 10:00:00 PM,74030,0.343,3.43,,,,
2614,01/25/10 10:30:00 PM,74043,0.453,3.43,,,,
2615,01/25/10 11:00:00 PM,74044,0.343,3.43,,,,
2616,01/25/10 11:30:00 PM,74030,0.453,3.43,,,,
2617,01/26/10 12:00:00 AM,74043,0.453,3.43,,,,
2618,01/26/10 12:30:00 AM,74030,0.343,3.43,,,,
2619,01/26/10 01:00:00 AM,74016,0.453,3.43,,,,
2620,01/26/10 01:30:00 AM,74016,0.453,3.43,,,,
2621,01/26/10 02:00:00 AM,74003,0.343,3.43,,,,
2622,01/26/10 02:30:00 AM,74003,0.343,3.43,,,,
2623,01/26/10 03:00:00 AM,74002,0.453,3.43,,,,
2624,01/26/10 03:30:00 AM,73975,0.343,3.43,,,,
2625,01/26/10 04:00:00 AM,73989,0.453,3.43,,,,
2626,01/26/10 04:30:00 AM,74016,0.453,3.43,,,,
2627,01/26/10 05:00:00 AM,74043,0.453,3.43,,,,
2628,01/26/10 05:30:00 AM,74016,0.343,3.43,,,,
2629,01/26/10 06:00:00 AM,74043,0.453,3.43,,,,
2630,01/26/10 06:30:00 AM,74043,0.453,3.43,,,,
2631,01/26/10 07:00:00 AM,74043,0.453,3.43,,,,
2632,01/26/10 07:30:00 AM,74030,0.453,3.43,,,,
2633,01/26/10 08:00:00 AM,74043,0.453,3.43,,,,
2634,01/26/10 08:30:00 AM,74057,0.453,3.43,,,,
2635,01/26/10 09:00:00 AM,74085,0.343,3.43,,,,
2636,01/26/10 09:30:00 AM,74098,0.453,3.43,,,,
2637,01/26/10 10:00:00 AM,74098,0.453,3.43,,,,
2638,01/26/10 10:30:00 AM,74071,0.453,3.43,,,,
2639,01/26/10 11:00:00 AM,74071,0.453,3.43,,,,
2640,01/26/10 11:30:00 AM,74030,0.343,3.43,,,,
2641,01/26/10 12:00:00 PM,73989,0.453,3.43,,,,
2642,01/26/10 12:30:00 PM,73920,0.453,3.43,,,,
2643,01/26/10 01:00:00 PM,73879,0.453,3.43,,,,
2644,01/26/10 01:30:00 PM,73838,0.453,3.43,,,,
2645,01/26/10 02:00:00 PM,73865,0.453,3.43,,,,
2646,01/26/10 02:30:00 PM,73865,0.453,3.43,,,,
2647,01/26/10 03:00:00 PM,73893,0.453,3.43,,,,
2648,01/26/10 03:30:00 PM,73893,0.453,3.43,,,,
2649,01/26/10 04:00:00 PM,73920,0.453,3.43,,,,
2650,01/26/10 04:30:00 PM,73948,0.453,3.43,,,,
2651,01/26/10 05:00:00 PM,73934,0.453,3.43,,,,
2652,01/26/10 05:30:00 PM,73975,0.453,3.43,,,,
2653,01/26/10 06:00:00 PM,73989,0.453,3.43,,,,
2654,01/26/10 06:30:00 PM,73975,0.453,3.43,,,,
2655,01/26/10 07:00:00 PM,73975,0.453,3.43,,,,
2656,01/26/10 07:30:00 PM,73975,0.453,3.43,,,,
2657,01/26/10 08:00:00 PM,74002,0.453,3.43,,,,
2658,01/26/10 08:30:00 PM,74030,0.453,3.43,,,,
2659,01/26/10 09:00:00 PM,74030,0.453,3.43,,,,
2660,01/26/10 09:30:00 PM,74043,0.453,3.43,,,,
2661,01/26/10 10:00:00 PM,74043,0.453,3.43,,,,
2662,01/26/10 10:30:00 PM,74030,0.453,3.43,,,,
2663,01/26/10 11:00:00 PM,74043,0.453,3.43,,,,
2664,01/26/10 11:30:00 PM,74002,0.453,3.43,,,,
2665,01/27/10 12:00:00 AM,74002,0.453,3.43,,,,
2666,01/27/10 12:30:00 AM,74016,0.453,3.43,,,,
2667,01/27/10 01:00:00 AM,73975,0.453,3.43,,,,
2668,01/27/10 01:30:00 AM,73989,0.453,3.43,,,,
2669,01/27/10 02:00:00 AM,73989,0.453,3.43,,,,
2670,01/27/10 02:30:00 AM,74002,0.453,3.43,,,,
2671,01/27/10 03:00:00 AM,74002,0.453,3.43,,,,
2672,01/27/10 03:30:00 AM,73989,0.453,3.43,,,,
2673,01/27/10 04:00:00 AM,74016,0.453,3.43,,,,
2674,01/27/10 04:30:00 AM,74002,0.453,3.43,,,,
2675,01/27/10 05:00:00 AM,74016,0.453,3.43,,,,
2676,01/27/10 05:30:00 AM,74016,0.453,3.43,,,,
2677,01/27/10 06:00:00 AM,74030,0.453,3.43,,,,
2678,01/27/10 06:30:00 AM,74057,0.453,3.43,,,,
2679,01/27/10 07:00:00 AM,74071,0.453,3.43,,,,
2680,01/27/10 07:30:00 AM,74084,0.453,3.43,,,,
2681,01/27/10 08:00:00 AM,74112,0.453,3.43,,,,
2682,01/27/10 08:30:00 AM,74126,0.453,3.43,,,,
2683,01/27/10 09:00:00 AM,74126,0.453,3.43,,,,
2684,01/27/10 09:30:00 AM,74112,0.453,3.43,,,,
2685,01/27/10 10:00:00 AM,74139,0.453,3.43,,,,
2686,01/27/10 10:30:00 AM,74126,0.453,3.43,,,,
2687,01/27/10 11:00:00 AM,74098,0.453,3.43,,,,
2688,01/27/10 11:30:00 AM,74098,0.453,3.43,,,,
2689,01/27/10 12:00:00 PM,74030,0.453,3.43,,,,
2690,01/27/10 12:30:00 PM,73989,0.453,3.43,,,,
2691,01/27/10 01:00:00 PM,73948,0.453,3.43,,,,
2692,01/27/10 01:30:00 PM,73961,0.453,3.43,,,,
2693,01/27/10 02:00:00 PM,73975,0.453,3.43,,,,
2694,01/27/10 02:30:00 PM,73989,0.453,3.43,,,,
2695,01/27/10 03:00:00 PM,73989,0.453,3.43,,,,
2696,01/27/10 03:30:00 PM,73975,0.453,3.43,,,,
2697,01/27/10 04:00:00 PM,74002,0.453,3.43,,,,
2698,01/27/10 04:30:00 PM,73989,0.453,3.43,,,,
2699,01/27/10 05:00:00 PM,74002,0.453,3.43,,,,
2700,01/27/10 05:30:00 PM,74016,0.453,3.43,,,,
2701,01/27/10 06:00:00 PM,74016,0.453,3.43,,,,
2702,01/27/10 06:30:00 PM,74043,0.453,3.43,,,,
2703,01/27/10 07:00:00 PM,74071,0.453,3.43,,,,
2704,01/27/10 07:30:00 PM,74084,0.453,3.43,,,,
2705,01/27/10 08:00:00 PM,74071,0.453,3.43,,,,
2706,01/27/10 08:30:00 PM,74071,0.453,3.43,,,,
2707,01/27/10 09:00:00 PM,74084,0.453,3.43,,,,
2708,01/27/10 09:30:00 PM,74071,0.453,3.43,,,,
2709,01/27/10 10:00:00 PM,74071,0.453,3.43,,,,
2710,01/27/10 10:30:00 PM,74057,0.453,3.43,,,,
2711,01/27/10 11:00:00 PM,74057,0.453,3.43,,,,
2712,01/27/10 11:30:00 PM,74030,0.453,3.43,,,,
2713,01/28/10 12:00:00 AM,74016,0.453,3.43,,,,
2714,01/28/10 12:30:00 AM,73989,0.453,3.43,,,,
2715,01/28/10 01:00:00 AM,73975,0.453,3.43,,,,
2716,01/28/10 01:30:00 AM,73961,0.453,3.43,,,,
2717,01/28/10 02:00:00 AM,73948,0.453,3.43,,,,
2718,01/28/10 02:30:00 AM,73920,0.453,3.43,,,,
2719,01/28/10 03:00:00 AM,73893,0.453,3.43,,,,
2720,01/28/10 03:30:00 AM,73865,0.453,3.43,,,,
2721,01/28/10 04:00:00 AM,73838,0.453,3.43,,,,
2722,01/28/10 04:30:00 AM,73824,0.453,3.43,,,,
2723,01/28/10 05:00:00 AM,73811,0.453,3.43,,,,
2724,01/28/10 05:30:00 AM,73811,0.453,3.43,,,,
2725,01/28/10 06:00:00 AM,73811,0.453,3.43,,,,
2726,01/28/10 06:30:00 AM,73811,0.453,3.43,,,,
2727,01/28/10 07:00:00 AM,73811,0.453,3.43,,,,
2728,01/28/10 07:30:00 AM,73811,0.453,3.43,,,,
2729,01/28/10 08:00:00 AM,73811,0.453,3.43,,,,
2730,01/28/10 08:30:00 AM,73811,0.453,3.43,,,,
2731,01/28/10 09:00:00 AM,73811,0.453,3.43,,,,
2732,01/28/10 09:30:00 AM,73811,0.453,3.43,,,,
2733,01/28/10 10:00:00 AM,73811,0.453,3.43,,,,
2734,01/28/10 10:30:00 AM,73797,0.453,3.43,,,,
2735,01/28/10 11:00:00 AM,73756,0.453,3.43,,,,
2736,01/28/10 11:30:00 AM,73770,0.453,3.43,,,,
2737,01/28/10 12:00:00 PM,73742,0.453,3.43,,,,
2738,01/28/10 12:30:00 PM,73715,0.453,3.43,,,,
2739,01/28/10 01:00:00 PM,73687,0.453,3.43,,,,
2740,01/28/10 01:30:00 PM,73674,0.453,3.43,,,,
2741,01/28/10 02:00:00 PM,73660,0.453,3.43,,,,
2742,01/28/10 02:30:00 PM,73674,0.453,3.43,,,,
2743,01/28/10 03:00:00 PM,73674,0.453,3.43,,,,
2744,01/28/10 03:30:00 PM,73701,0.453,3.43,,,,
2745,01/28/10 04:00:00 PM,73701,0.453,3.43,,,,
2746,01/28/10 04:30:00 PM,73729,0.453,3.43,,,,
2747,01/28/10 05:00:00 PM,73742,0.453,3.43,,,,
2748,01/28/10 05:30:00 PM,73756,0.453,3.43,,,,
2749,01/28/10 06:00:00 PM,73770,0.453,3.43,,,,
2750,01/28/10 06:30:00 PM,73770,0.453,3.43,,,,
2751,01/28/10 07:00:00 PM,73783,0.453,3.43,,,,
2752,01/28/10 07:30:00 PM,73797,0.453,3.43,,,,
2753,01/28/10 08:00:00 PM,73797,0.453,3.43,,,,
2754,01/28/10 08:30:00 PM,73797,0.453,3.43,,,,
2755,01/28/10 09:00:00 PM,73811,0.453,3.43,,,,
2756,01/28/10 09:30:00 PM,73783,0.453,3.43,,,,
2757,01/28/10 10:00:00 PM,73811,0.453,3.43,,,,
2758,01/28/10 10:30:00 PM,73811,0.453,3.43,,,,
2759,01/28/10 11:00:00 PM,73797,0.453,3.43,,,,
2760,01/28/10 11:30:00 PM,73811,0.453,3.43,,,,
2761,01/29/10 12:00:00 AM,73783,0.453,3.43,,,,
2762,01/29/10 12:30:00 AM,73797,0.453,3.43,,,,
2763,01/29/10 01:00:00 AM,73770,0.453,3.43,,,,
2764,01/29/10 01:30:00 AM,73783,0.453,3.43,,,,
2765,01/29/10 02:00:00 AM,73783,0.453,3.43,,,,
2766,01/29/10 02:30:00 AM,73783,0.453,3.43,,,,
2767,01/29/10 03:00:00 AM,73770,0.453,3.43,,,,
2768,01/29/10 03:30:00 AM,73770,0.453,3.43,,,,
2769,01/29/10 04:00:00 AM,73770,0.453,3.43,,,,
2770,01/29/10 04:30:00 AM,73756,0.453,3.43,,,,
2771,01/29/10 05:00:00 AM,73797,0.453,3.43,,,,
2772,01/29/10 05:30:00 AM,73797,0.453,3.43,,,,
2773,01/29/10 06:00:00 AM,73811,0.453,3.43,,,,
2774,01/29/10 06:30:00 AM,73824,0.453,3.43,,,,
2775,01/29/10 07:00:00 AM,73852,0.453,3.43,,,,
2776,01/29/10 07:30:00 AM,73879,0.453,3.43,,,,
2777,01/29/10 08:00:00 AM,73906,0.453,3.43,,,,
2778,01/29/10 08:30:00 AM,73934,0.453,3.43,,,,
2779,01/29/10 09:00:00 AM,73948,0.453,3.43,,,,
2780,01/29/10 09:30:00 AM,73948,0.453,3.43,,,,
2781,01/29/10 10:00:00 AM,73948,0.453,3.43,,,,
2782,01/29/10 10:30:00 AM,73961,0.453,3.43,,,,
2783,01/29/10 11:00:00 AM,73934,0.453,3.43,,,,
2784,01/29/10 11:30:00 AM,73906,0.453,3.43,,,,
2785,01/29/10 12:00:00 PM,73879,0.453,3.43,,,,
2786,01/29/10 12:30:00 PM,73852,0.453,3.43,,,,
2787,01/29/10 01:00:00 PM,73865,0.453,3.43,,,,
2788,01/29/10 01:30:00 PM,73852,0.453,3.43,,,,
2789,01/29/10 02:00:00 PM,73852,0.453,3.43,,,,
2790,01/29/10 02:30:00 PM,73879,0.453,3.43,,,,
2791,01/29/10 03:00:00 PM,73906,0.453,3.43,,,,
2792,01/29/10 03:30:00 PM,73934,0.453,3.43,,,,
2793,01/29/10 04:00:00 PM,73948,0.453,3.43,,,,
2794,01/29/10 04:30:00 PM,73934,0.453,3.43,,,,
2795,01/29/10 05:00:00 PM,73961,0.453,3.43,,,,
2796,01/29/10 05:30:00 PM,73961,0.453,3.43,,,,
2797,01/29/10 06:00:00 PM,73961,0.453,3.43,,,,
2798,01/29/10 06:30:00 PM,74002,0.453,3.43,,,,
2799,01/29/10 07:00:00 PM,74002,0.453,3.43,,,,
2800,01/29/10 07:30:00 PM,74016,0.453,3.43,,,,
2801,01/29/10 08:00:00 PM,74030,0.453,3.43,,,,
2802,01/29/10 08:30:00 PM,74057,0.453,3.43,,,,
2803,01/29/10 09:00:00 PM,74043,0.453,3.43,,,,
2804,01/29/10 09:30:00 PM,74043,0.453,3.43,,,,
2805,01/29/10 10:00:00 PM,74057,0.453,3.43,,,,
2806,01/29/10 10:30:00 PM,74057,0.453,3.43,,,,
2807,01/29/10 11:00:00 PM,74057,0.453,3.43,,,,
2808,01/29/10 11:30:00 PM,74043,0.453,3.43,,,,
2809,01/30/10 12:00:00 AM,74057,0.453,3.43,,,,
2810,01/30/10 12:30:00 AM,74043,0.453,3.43,,,,
2811,01/30/10 01:00:00 AM,74030,0.453,3.43,,,,
2812,01/30/10 01:30:00 AM,74030,0.453,3.43,,,,
2813,01/30/10 02:00:00 AM,74016,0.453,3.43,,,,
2814,01/30/10 02:30:00 AM,74002,0.453,3.43,,,,
2815,01/30/10 03:00:00 AM,73989,0.453,3.43,,,,
2816,01/30/10 03:30:00 AM,73989,0.453,3.43,,,,
2817,01/30/10 04:00:00 AM,73989,0.453,3.43,,,,
2818,01/30/10 04:30:00 AM,73989,0.453,3.43,,,,
2819,01/30/10 05:00:00 AM,73975,0.453,3.43,,,,
2820,01/30/10 05:30:00 AM,73989,0.453,3.43,,,,
2821,01/30/10 06:00:00 AM,73989,0.453,3.43,,,,
2822,01/30/10 06:30:00 AM,74002,0.453,3.43,,,,
2823,01/30/10 07:00:00 AM,74030,0.453,3.43,,,,
2824,01/30/10 07:30:00 AM,74043,0.453,3.43,,,,
2825,01/30/10 08:00:00 AM,74057,0.453,3.43,,,,
2826,01/30/10 08:30:00 AM,74057,0.453,3.43,,,,
2827,01/30/10 09:00:00 AM,74071,0.453,3.43,,,,
2828,01/30/10 09:30:00 AM,74071,0.453,3.43,,,,
2829,01/30/10 10:00:00 AM,74030,0.453,3.43,,,,
2830,01/30/10 10:30:00 AM,74030,0.453,3.43,,,,
2831,01/30/10 11:00:00 AM,74030,0.453,3.43,,,,
2832,01/30/10 11:30:00 AM,74016,0.453,3.43,,,,
2833,01/30/10 12:00:00 PM,73975,0.453,3.43,,,,
2834,01/30/10 12:30:00 PM,73961,0.453,3.43,,,,
2835,01/30/10 01:00:00 PM,73934,0.453,3.43,,,,
2836,01/30/10 01:30:00 PM,73906,0.453,3.43,,,,
2837,01/30/10 02:00:00 PM,73893,0.453,3.43,,,,
2838,01/30/10 02:30:00 PM,73893,0.453,3.43,,,,
2839,01/30/10 03:00:00 PM,73906,0.453,3.43,,,,
2840,01/30/10 03:30:00 PM,73906,0.453,3.43,,,,
2841,01/30/10 04:00:00 PM,73920,0.453,3.43,,,,
2842,01/30/10 04:30:00 PM,73920,0.453,3.43,,,,
2843,01/30/10 05:00:00 PM,73920,0.453,3.43,,,,
2844,01/30/10 05:30:00 PM,73934,0.453,3.43,,,,
2845,01/30/10 06:00:00 PM,73934,0.453,3.43,,,,
2846,01/30/10 06:30:00 PM,73961,0.453,3.43,,,,
2847,01/30/10 07:00:00 PM,73975,0.453,3.43,,,,
2848,01/30/10 07:30:00 PM,73975,0.453,3.43,,,,
2849,01/30/10 08:00:00 PM,73975,0.453,3.43,,,,
2850,01/30/10 08:30:00 PM,73975,0.453,3.43,,,,
2851,01/30/10 09:00:00 PM,73961,0.453,3.43,,,,
2852,01/30/10 09:30:00 PM,73961,0.453,3.43,,,,
2853,01/30/10 10:00:00 PM,73975,0.453,3.43,,,,
2854,01/30/10 10:30:00 PM,73948,0.453,3.43,,,,
2855,01/30/10 11:00:00 PM,73961,0.453,3.43,,,,
2856,01/30/10 11:30:00 PM,73948,0.453,3.43,,,,
2857,01/31/10 12:00:00 AM,73934,0.453,3.43,,,,
2858,01/31/10 12:30:00 AM,73906,0.453,3.43,,,,
2859,01/31/10 01:00:00 AM,73879,0.453,3.43,,,,
2860,01/31/10 01:30:00 AM,73852,0.453,3.43,,,,
2861,01/31/10 02:00:00 AM,73852,0.453,3.43,,,,
2862,01/31/10 02:30:00 AM,73852,0.453,3.43,,,,
2863,01/31/10 03:00:00 AM,73838,0.453,3.43,,,,
2864,01/31/10 03:30:00 AM,73811,0.453,3.43,,,,
2865,01/31/10 04:00:00 AM,73797,0.453,3.43,,,,
2866,01/31/10 04:30:00 AM,73797,0.453,3.43,,,,
2867,01/31/10 05:00:00 AM,73797,0.453,3.43,,,,
2868,01/31/10 05:30:00 AM,73797,0.453,3.43,,,,
2869,01/31/10 06:00:00 AM,73797,0.453,3.43,,,,
2870,01/31/10 06:30:00 AM,73770,0.453,3.43,,,,
2871,01/31/10 07:00:00 AM,73770,0.453,3.43,,,,
2872,01/31/10 07:30:00 AM,73783,0.453,3.43,,,,
2873,01/31/10 08:00:00 AM,73756,0.453,3.43,,,,
2874,01/31/10 08:30:00 AM,73783,0.453,3.43,,,,
2875,01/31/10 09:00:00 AM,73770,0.453,3.43,,,,
2876,01/31/10 09:30:00 AM,73770,0.453,3.43,,,,
2877,01/31/10 10:00:00 AM,73770,0.453,3.43,,,,
2878,01/31/10 10:30:00 AM,73770,0.453,3.43,,,,
2879,01/31/10 11:00:00 AM,73742,0.453,3.43,,,,
2880,01/31/10 11:30:00 AM,73742,0.453,3.43,,,,
2881,01/31/10 12:00:00 PM,73687,0.453,3.43,,,,
2882,01/31/10 12:30:00 PM,73674,0.453,3.43,,,,
2883,01/31/10 01:00:00 PM,73646,0.453,3.43,,,,
2884,01/31/10 01:30:00 PM,73633,0.453,3.43,,,,
2885,01/31/10 02:00:00 PM,73605,0.453,3.43,,,,
2886,01/31/10 02:30:00 PM,73578,0.453,3.43,,,,
2887,01/31/10 03:00:00 PM,73592,0.453,3.43,,,,
2888,01/31/10 03:30:00 PM,73592,0.453,3.43,,,,
2889,01/31/10 04:00:00 PM,73592,0.453,3.43,,,,
2890,01/31/10 04:30:00 PM,73605,0.453,3.43,,,,
2891,01/31/10 05:00:00 PM,73646,0.453,3.43,,,,
2892,01/31/10 05:30:00 PM,73633,0.453,3.43,,,,
2893,01/31/10 06:00:00 PM,73660,0.453,3.43,,,,
2894,01/31/10 06:30:00 PM,73674,0.453,3.43,,,,
2895,01/31/10 07:00:00 PM,73701,0.453,3.43,,,,
2896,01/31/10 07:30:00 PM,73715,0.453,3.43,,,,
2897,01/31/10 08:00:00 PM,73687,0.453,3.43,,,,
2898,01/31/10 08:30:00 PM,73701,0.453,3.43,,,,
2899,01/31/10 09:00:00 PM,73715,0.453,3.43,,,,
2900,01/31/10 09:30:00 PM,73715,0.453,3.43,,,,
2901,01/31/10 10:00:00 PM,73729,0.453,3.43,,,,
2902,01/31/10 10:30:00 PM,73729,0.453,3.43,,,,
2903,01/31/10 11:00:00 PM,73729,0.453,3.43,,,,
2904,01/31/10 11:30:00 PM,73674,0.453,3.43,,,,
2905,02/01/10 12:00:00 AM,73687,0.453,3.43,,,,
2906,02/01/10 12:30:00 AM,73687,0.453,3.43,,,,
2907,02/01/10 01:00:00 AM,73687,0.453,3.43,,,,
2908,02/01/10 01:30:00 AM,73687,0.453,3.43,,,,
2909,02/01/10 02:00:00 AM,73674,0.453,3.43,,,,
2910,02/01/10 02:30:00 AM,73701,0.453,3.43,,,,
2911,02/01/10 03:00:00 AM,73701,0.453,3.43,,,,
2912,02/01/10 03:30:00 AM,73674,0.453,3.43,,,,
2913,02/01/10 04:00:00 AM,73687,0.453,3.43,,,,
2914,02/01/10 04:30:00 AM,73674,0.453,3.43,,,,
2915,02/01/10 05:00:00 AM,73674,0.453,3.43,,,,
2916,02/01/10 05:30:00 AM,73660,0.453,3.43,,,,
2917,02/01/10 06:00:00 AM,73674,0.453,3.43,,,,
2918,02/01/10 06:30:00 AM,73687,0.453,3.43,,,,
2919,02/01/10 07:00:00 AM,73729,0.453,3.43,,,,
2920,02/01/10 07:30:00 AM,73715,0.453,3.43,,,,
2921,02/01/10 08:00:00 AM,73729,0.453,3.43,,,,
2922,02/01/10 08:30:00 AM,73729,0.453,3.43,,,,
2923,02/01/10 09:00:00 AM,73742,0.453,3.43,,,,
2924,02/01/10 09:30:00 AM,73729,0.453,3.43,,,,
2925,02/01/10 10:00:00 AM,73742,0.453,3.43,,,,
2926,02/01/10 10:30:00 AM,73756,0.453,3.43,,,,
2927,02/01/10 11:00:00 AM,73756,0.453,3.43,,,,
2928,02/01/10 11:30:00 AM,73742,0.453,3.43,,,,
2929,02/01/10 12:00:00 PM,73729,0.453,3.43,,,,
2930,02/01/10 12:30:00 PM,73701,0.453,3.43,,,,
2931,02/01/10 01:00:00 PM,73674,0.453,3.43,,,,
2932,02/01/10 01:30:00 PM,73674,0.453,3.43,,,,
2933,02/01/10 02:00:00 PM,73674,0.453,3.43,,,,
2934,02/01/10 02:30:00 PM,73674,0.453,3.43,,,,
2935,02/01/10 03:00:00 PM,73687,0.453,3.43,,,,
2936,02/01/10 03:30:00 PM,73701,0.453,3.43,,,,
2937,02/01/10 04:00:00 PM,73729,0.453,3.43,,,,
2938,02/01/10 04:30:00 PM,73756,0.453,3.43,,,,
2939,02/01/10 05:00:00 PM,73756,0.453,3.43,,,,
2940,02/01/10 05:30:00 PM,73797,0.453,3.43,,,,
2941,02/01/10 06:00:00 PM,73811,0.453,3.43,,,,
2942,02/01/10 06:30:00 PM,73797,0.453,3.43,,,,
2943,02/01/10 07:00:00 PM,73824,0.453,3.43,,,,
2944,02/01/10 07:30:00 PM,73852,0.453,3.43,,,,
2945,02/01/10 08:00:00 PM,73852,0.453,3.43,,,,
2946,02/01/10 08:30:00 PM,73852,0.453,3.43,,,,
2947,02/01/10 09:00:00 PM,73852,0.453,3.43,,,,
2948,02/01/10 09:30:00 PM,73852,0.453,3.43,,,,
2949,02/01/10 10:00:00 PM,73852,0.453,3.43,,,,
2950,02/01/10 10:30:00 PM,73865,0.453,3.43,,,,
2951,02/01/10 11:00:00 PM,73879,0.453,3.43,,,,
2952,02/01/10 11:30:00 PM,73893,0.453,3.43,,,,
2953,02/02/10 12:00:00 AM,73893,0.453,3.43,,,,
2954,02/02/10 12:30:00 AM,73893,0.453,3.43,,,,
2955,02/02/10 01:00:00 AM,73906,0.453,3.43,,,,
2956,02/02/10 01:30:00 AM,73893,0.453,3.43,,,,
2957,02/02/10 02:00:00 AM,73906,0.453,3.43,,,,
2958,02/02/10 02:30:00 AM,73893,0.453,3.43,,,,
2959,02/02/10 03:00:00 AM,73893,0.453,3.43,,,,
2960,02/02/10 03:30:00 AM,73865,0.453,3.43,,,,
2961,02/02/10 04:00:00 AM,73879,0.453,3.43,,,,
2962,02/02/10 04:30:00 AM,73879,0.453,3.43,,,,
2963,02/02/10 05:00:00 AM,73893,0.453,3.43,,,,
2964,02/02/10 05:30:00 AM,73920,0.453,3.43,,,,
2965,02/02/10 06:00:00 AM,73920,0.453,3.43,,,,
2966,02/02/10 06:30:00 AM,73934,0.453,3.43,,,,
2967,02/02/10 07:00:00 AM,73961,0.453,3.43,,,,
2968,02/02/10 07:30:00 AM,73961,0.453,3.43,,,,
2969,02/02/10 08:00:00 AM,73975,0.453,3.43,,,,
2970,02/02/10 08:30:00 AM,74002,0.453,3.43,,,,
2971,02/02/10 09:00:00 AM,74002,0.453,3.43,,,,
2972,02/02/10 09:30:00 AM,73989,0.453,3.43,,,,
2973,02/02/10 10:00:00 AM,74002,0.453,3.43,,,,
2974,02/02/10 10:30:00 AM,74002,0.453,3.43,,,,
2975,02/02/10 11:00:00 AM,73975,0.453,3.43,,,,
2976,02/02/10 11:30:00 AM,73934,0.453,3.43,,,,
2977,02/02/10 12:00:00 PM,73893,0.453,3.43,,,,
2978,02/02/10 12:30:00 PM,73865,0.453,3.43,,,,
2979,02/02/10 01:00:00 PM,73838,0.453,3.43,,,,
2980,02/02/10 01:30:00 PM,73824,0.453,3.43,,,,
2981,02/02/10 02:00:00 PM,73824,0.453,3.43,,,,
2982,02/02/10 02:30:00 PM,73838,0.453,3.43,,,,
2983,02/02/10 03:00:00 PM,73824,0.453,3.43,,,,
2984,02/02/10 03:30:00 PM,73824,0.453,3.43,,,,
2985,02/02/10 04:00:00 PM,73838,0.453,3.43,,,,
2986,02/02/10 04:30:00 PM,73838,0.453,3.43,,,,
2987,02/02/10 05:00:00 PM,73838,0.453,3.43,,,,
2988,02/02/10 05:30:00 PM,73852,0.453,3.43,,,,
2989,02/02/10 06:00:00 PM,73865,0.453,3.43,,,,
2990,02/02/10 06:30:00 PM,73879,0.453,3.43,,,,
2991,02/02/10 07:00:00 PM,73893,0.453,3.43,,,,
2992,02/02/10 07:30:00 PM,73906,0.453,3.43,,,,
2993,02/02/10 08:00:00 PM,73906,0.453,3.43,,,,
2994,02/02/10 08:30:00 PM,73893,0.453,3.43,,,,
2995,02/02/10 09:00:00 PM,73852,0.453,3.43,,,,
2996,02/02/10 09:30:00 PM,73893,0.453,3.43,,,,
2997,02/02/10 10:00:00 PM,73865,0.453,3.43,,,,
2998,02/02/10 10:30:00 PM,73838,0.453,3.43,,,,
2999,02/02/10 11:00:00 PM,73852,0.453,3.43,,,,
3000,02/02/10 11:30:00 PM,73838,0.453,3.43,,,,
3001,02/03/10 12:00:00 AM,73811,0.453,3.43,,,,
3002,02/03/10 12:30:00 AM,73797,0.453,3.43,,,,
3003,02/03/10 01:00:00 AM,73756,0.453,3.43,,,,
3004,02/03/10 01:30:00 AM,73701,0.453,3.43,,,,
3005,02/03/10 02:00:00 AM,73742,0.453,3.43,,,,
3006,02/03/10 02:30:00 AM,73770,0.453,3.43,,,,
3007,02/03/10 03:00:00 AM,73742,0.453,3.43,,,,
3008,02/03/10 03:30:00 AM,73729,0.453,3.43,,,,
3009,02/03/10 04:00:00 AM,73715,0.453,3.43,,,,
3010,02/03/10 04:30:00 AM,73687,0.453,3.43,,,,
3011,02/03/10 05:00:00 AM,73660,0.453,3.43,,,,
3012,02/03/10 05:30:00 AM,73633,0.453,3.43,,,,
3013,02/03/10 06:00:00 AM,73592,0.453,3.43,,,,
3014,02/03/10 06:30:00 AM,73592,0.453,3.43,,,,
3015,02/03/10 07:00:00 AM,73551,0.453,3.43,,,,
3016,02/03/10 07:30:00 AM,73537,0.453,3.43,,,,
3017,02/03/10 08:00:00 AM,73551,0.453,3.43,,,,
3018,02/03/10 08:30:00 AM,73537,0.453,3.43,,,,
3019,02/03/10 09:00:00 AM,73510,0.453,3.43,,,,
3020,02/03/10 09:30:00 AM,73496,0.453,3.43,,,,
3021,02/03/10 10:00:00 AM,73482,0.453,3.43,,,,
3022,02/03/10 10:30:00 AM,73468,0.453,3.43,,,,
3023,02/03/10 11:00:00 AM,73441,0.453,3.43,,,,
3024,02/03/10 11:30:00 AM,73386,0.453,3.43,,,,
3025,02/03/10 12:00:00 PM,73318,0.453,3.43,,,,
3026,02/03/10 12:30:00 PM,73291,0.453,3.43,,,,
3027,02/03/10 01:00:00 PM,73263,0.453,3.43,,,,
3028,02/03/10 01:30:00 PM,73236,0.453,3.43,,,,
3029,02/03/10 02:00:00 PM,73222,0.453,3.43,,,,
3030,02/03/10 02:30:00 PM,73208,0.453,3.43,,,,
3031,02/03/10 03:00:00 PM,73208,0.453,3.43,,,,
3032,02/03/10 03:30:00 PM,73222,0.453,3.43,,,,
3033,02/03/10 04:00:00 PM,73236,0.453,3.43,,,,
3034,02/03/10 04:30:00 PM,73236,0.453,3.43,,,,
3035,02/03/10 05:00:00 PM,73208,0.453,3.43,,,,
3036,02/03/10 05:30:00 PM,73236,0.453,3.43,,,,
3037,02/03/10 06:00:00 PM,73236,0.453,3.43,,,,
3038,02/03/10 06:30:00 PM,73249,0.453,3.43,,,,
3039,02/03/10 07:00:00 PM,73236,0.453,3.43,,,,
3040,02/03/10 07:30:00 PM,73263,0.453,3.43,,,,
3041,02/03/10 08:00:00 PM,73263,0.453,3.43,,,,
3042,02/03/10 08:30:00 PM,73263,0.453,3.43,,,,
3043,02/03/10 09:00:00 PM,73277,0.453,3.43,,,,
3044,02/03/10 09:30:00 PM,73263,0.453,3.43,,,,
3045,02/03/10 10:00:00 PM,73277,0.453,3.43,,,,
3046,02/03/10 10:30:00 PM,73249,0.453,3.43,,,,
3047,02/03/10 11:00:00 PM,73236,0.453,3.43,,,,
3048,02/03/10 11:30:00 PM,73249,0.453,3.43,,,,
3049,02/04/10 12:00:00 AM,73236,0.453,3.43,,,,
3050,02/04/10 12:30:00 AM,73222,0.453,3.43,,,,
3051,02/04/10 01:00:00 AM,73249,0.453,3.43,,,,
3052,02/04/10 01:30:00 AM,73249,0.453,3.43,,,,
3053,02/04/10 02:00:00 AM,73277,0.453,3.43,,,,
3054,02/04/10 02:30:00 AM,73249,0.453,3.43,,,,
3055,02/04/10 03:00:00 AM,73222,0.453,3.43,,,,
3056,02/04/10 03:30:00 AM,73249,0.453,3.43,,,,
3057,02/04/10 04:00:00 AM,73236,0.453,3.43,,,,
3058,02/04/10 04:30:00 AM,73249,0.453,3.43,,,,
3059,02/04/10 05:00:00 AM,73263,0.453,3.43,,,,
3060,02/04/10 05:30:00 AM,73263,0.453,3.43,,,,
3061,02/04/10 06:00:00 AM,73277,0.453,3.43,,,,
3062,02/04/10 06:30:00 AM,73263,0.453,3.43,,,,
3063,02/04/10 07:00:00 AM,73291,0.453,3.43,,,,
3064,02/04/10 07:30:00 AM,73304,0.453,3.43,,,,
3065,02/04/10 08:00:00 AM,73318,0.453,3.43,,,,
3066,02/04/10 08:30:00 AM,73345,0.453,3.43,,,,
3067,02/04/10 09:00:00 AM,73386,0.453,3.43,,,,
3068,02/04/10 09:30:00 AM,73400,0.453,3.43,,,,
3069,02/04/10 10:00:00 AM,73414,0.453,3.43,,,,
3070,02/04/10 10:30:00 AM,73441,0.453,3.43,,,,
3071,02/04/10 11:00:00 AM,73441,0.453,3.43,,,,
3072,02/04/10 11:30:00 AM,73441,0.453,3.43,,,,
3073,02/04/10 12:00:00 PM,73414,0.453,3.43,,,,
3074,02/04/10 12:30:00 PM,73400,0.453,3.43,,,,
3075,02/04/10 01:00:00 PM,73373,0.453,3.43,,,,
3076,02/04/10 01:30:00 PM,73373,0.453,3.43,,,,
3077,02/04/10 02:00:00 PM,73345,0.453,3.43,,,,
3078,02/04/10 02:30:00 PM,73345,0.453,3.43,,,,
3079,02/04/10 03:00:00 PM,73359,0.453,3.43,,,,
3080,02/04/10 03:30:00 PM,73400,0.453,3.43,,,,
3081,02/04/10 04:00:00 PM,73400,0.453,3.43,,,,
3082,02/04/10 04:30:00 PM,73414,0.453,3.43,,,,
3083,02/04/10 05:00:00 PM,73455,0.453,3.43,,,,
3084,02/04/10 05:30:00 PM,73482,0.453,3.43,,,,
3085,02/04/10 06:00:00 PM,73496,0.453,3.43,,,,
3086,02/04/10 06:30:00 PM,73523,0.453,3.43,,,,
3087,02/04/10 07:00:00 PM,73564,0.453,3.43,,,,
3088,02/04/10 07:30:00 PM,73551,0.453,3.43,,,,
3089,02/04/10 08:00:00 PM,73578,0.453,3.43,,,,
3090,02/04/10 08:30:00 PM,73605,0.453,3.43,,,,
3091,02/04/10 09:00:00 PM,73605,0.453,3.43,,,,
3092,02/04/10 09:30:00 PM,73619,0.453,3.43,,,,
3093,02/04/10 10:00:00 PM,73633,0.453,3.43,,,,
3094,02/04/10 10:30:00 PM,73660,0.453,3.43,,,,
3095,02/04/10 11:00:00 PM,73660,0.453,3.43,,,,
3096,02/04/10 11:30:00 PM,73660,0.453,3.43,,,,
3097,02/05/10 12:00:00 AM,73674,0.453,3.43,,,,
3098,02/05/10 12:30:00 AM,73674,0.453,3.43,,,,
3099,02/05/10 01:00:00 AM,73687,0.453,3.43,,,,
3100,02/05/10 01:30:00 AM,73687,0.453,3.43,,,,
3101,02/05/10 02:00:00 AM,73729,0.453,3.43,,,,
3102,02/05/10 02:30:00 AM,73756,0.453,3.43,,,,
3103,02/05/10 03:00:00 AM,73742,0.453,3.43,,,,
3104,02/05/10 03:30:00 AM,73742,0.453,3.43,,,,
3105,02/05/10 04:00:00 AM,73742,0.453,3.43,,,,
3106,02/05/10 04:30:00 AM,73756,0.453,3.43,,,,
3107,02/05/10 05:00:00 AM,73756,0.453,3.43,,,,
3108,02/05/10 05:30:00 AM,73770,0.453,3.43,,,,
3109,02/05/10 06:00:00 AM,73811,0.453,3.43,,,,
3110,02/05/10 06:30:00 AM,73811,0.453,3.43,,,,
3111,02/05/10 07:00:00 AM,73824,0.453,3.43,,,,
3112,02/05/10 07:30:00 AM,73865,0.453,3.43,,,,
3113,02/05/10 08:00:00 AM,73852,0.453,3.43,,,,
3114,02/05/10 08:30:00 AM,73906,0.453,3.43,,,,
3115,02/05/10 09:00:00 AM,73893,0.453,3.43,,,,
3116,02/05/10 09:30:00 AM,73920,0.453,3.43,,,,
3117,02/05/10 10:00:00 AM,73934,0.453,3.43,,,,
3118,02/05/10 10:30:00 AM,73934,0.453,3.43,,,,
3119,02/05/10 11:00:00 AM,73934,0.453,3.43,,,,
3120,02/05/10 11:30:00 AM,73948,0.453,3.43,,,,
3121,02/05/10 12:00:00 PM,73920,0.453,3.43,,,,
3122,02/05/10 12:30:00 PM,73893,0.453,3.43,,,,
3123,02/05/10 01:00:00 PM,73893,0.453,3.43,,,,
3124,02/05/10 01:30:00 PM,73893,0.453,3.43,,,,
3125,02/05/10 02:00:00 PM,73852,0.453,3.43,,,,
3126,02/05/10 02:30:00 PM,73852,0.453,3.43,,,,
3127,02/05/10 03:00:00 PM,73865,0.453,3.43,,,,
3128,02/05/10 03:30:00 PM,73865,0.453,3.43,,,,
3129,02/05/10 04:00:00 PM,73879,0.453,3.43,,,,
3130,02/05/10 04:30:00 PM,73906,0.453,3.43,,,,
3131,02/05/10 05:00:00 PM,73920,0.453,3.43,,,,
3132,02/05/10 05:30:00 PM,73906,0.453,3.43,,,,
3133,02/05/10 06:00:00 PM,73948,0.453,3.43,,,,
3134,02/05/10 06:30:00 PM,73989,0.453,3.43,,,,
3135,02/05/10 07:00:00 PM,73975,0.453,3.43,,,,
3136,02/05/10 07:30:00 PM,73975,0.453,3.43,,,,
3137,02/05/10 08:00:00 PM,74002,0.453,3.43,,,,
3138,02/05/10 08:30:00 PM,74030,0.453,3.43,,,,
3139,02/05/10 09:00:00 PM,73989,0.453,3.43,,,,
3140,02/05/10 09:30:00 PM,73975,0.453,3.43,,,,
3141,02/05/10 10:00:00 PM,74002,0.453,3.43,,,,
3142,02/05/10 10:30:00 PM,73989,0.453,3.43,,,,
3143,02/05/10 11:00:00 PM,73989,0.453,3.43,,,,
3144,02/05/10 11:30:00 PM,73989,0.453,3.43,,,,
3145,02/06/10 12:00:00 AM,73975,0.453,3.43,,,,
3146,02/06/10 12:30:00 AM,73961,0.453,3.43,,,,
3147,02/06/10 01:00:00 AM,73948,0.453,3.43,,,,
3148,02/06/10 01:30:00 AM,73961,0.453,3.43,,,,
3149,02/06/10 02:00:00 AM,73961,0.453,3.43,,,,
3150,02/06/10 02:30:00 AM,73948,0.453,3.43,,,,
3151,02/06/10 03:00:00 AM,73934,0.453,3.43,,,,
3152,02/06/10 03:30:00 AM,73920,0.453,3.43,,,,
3153,02/06/10 04:00:00 AM,73893,0.453,3.43,,,,
3154,02/06/10 04:30:00 AM,73879,0.453,3.43,,,,
3155,02/06/10 05:00:00 AM,73879,0.453,3.43,,,,
3156,02/06/10 05:30:00 AM,73906,0.453,3.43,,,,
3157,02/06/10 06:00:00 AM,73906,0.453,3.43,,,,
3158,02/06/10 06:30:00 AM,73906,0.453,3.43,,,,
3159,02/06/10 07:00:00 AM,73920,0.453,3.43,,,,
3160,02/06/10 07:30:00 AM,73920,0.453,3.43,,,,
3161,02/06/10 08:00:00 AM,73948,0.453,3.43,,,,
3162,02/06/10 08:30:00 AM,73948,0.453,3.43,,,,
3163,02/06/10 09:00:00 AM,73961,0.453,3.43,,,,
3164,02/06/10 09:30:00 AM,73961,0.453,3.43,,,,
3165,02/06/10 10:00:00 AM,73975,0.453,3.43,,,,
3166,02/06/10 10:30:00 AM,73961,0.453,3.43,,,,
3167,02/06/10 11:00:00 AM,73961,0.453,3.43,,,,
3168,02/06/10 11:30:00 AM,73948,0.453,3.43,,,,
3169,02/06/10 12:00:00 PM,73920,0.453,3.43,,,,
3170,02/06/10 12:30:00 PM,73906,0.453,3.43,,,,
3171,02/06/10 01:00:00 PM,73852,0.453,3.43,,,,
3172,02/06/10 01:30:00 PM,73824,0.453,3.43,,,,
3173,02/06/10 02:00:00 PM,73824,0.453,3.43,,,,
3174,02/06/10 02:30:00 PM,73797,0.453,3.43,,,,
3175,02/06/10 03:00:00 PM,73797,0.453,3.43,,,,
3176,02/06/10 03:30:00 PM,73797,0.453,3.43,,,,
3177,02/06/10 04:00:00 PM,73783,0.453,3.43,,,,
3178,02/06/10 04:30:00 PM,73797,0.453,3.43,,,,
3179,02/06/10 05:00:00 PM,73797,0.453,3.43,,,,
3180,02/06/10 05:30:00 PM,73811,0.453,3.43,,,,
3181,02/06/10 06:00:00 PM,73811,0.453,3.43,,,,
3182,02/06/10 06:30:00 PM,73811,0.453,3.43,,,,
3183,02/06/10 07:00:00 PM,73811,0.453,3.43,,,,
3184,02/06/10 07:30:00 PM,73824,0.453,3.43,,,,
3185,02/06/10 08:00:00 PM,73797,0.453,3.43,,,,
3186,02/06/10 08:30:00 PM,73797,0.453,3.43,,,,
3187,02/06/10 09:00:00 PM,73797,0.453,3.43,,,,
3188,02/06/10 09:30:00 PM,73797,0.453,3.43,,,,
3189,02/06/10 10:00:00 PM,73756,0.453,3.43,,,,
3190,02/06/10 10:30:00 PM,73742,0.453,3.43,,,,
3191,02/06/10 11:00:00 PM,73715,0.453,3.43,,,,
3192,02/06/10 11:30:00 PM,73715,0.453,3.43,,,,
3193,02/07/10 12:00:00 AM,73687,0.453,3.43,,,,
3194,02/07/10 12:30:00 AM,73660,0.453,3.43,,,,
3195,02/07/10 01:00:00 AM,73605,0.453,3.43,,,,
3196,02/07/10 01:30:00 AM,73592,0.453,3.43,,,,
3197,02/07/10 02:00:00 AM,73564,0.453,3.43,,,,
3198,02/07/10 02:30:00 AM,73551,0.453,3.43,,,,
3199,02/07/10 03:00:00 AM,73496,0.453,3.43,,,,
3200,02/07/10 03:30:00 AM,73468,0.453,3.43,,,,
3201,02/07/10 04:00:00 AM,73441,0.453,3.43,,,,
3202,02/07/10 04:30:00 AM,73427,0.453,3.43,,,,
3203,02/07/10 05:00:00 AM,73414,0.453,3.43,,,,
3204,02/07/10 05:30:00 AM,73400,0.453,3.43,,,,
3205,02/07/10 06:00:00 AM,73400,0.453,3.43,,,,
3206,02/07/10 06:30:00 AM,73359,0.453,3.43,,,,
3207,02/07/10 07:00:00 AM,73359,0.453,3.43,,,,
3208,02/07/10 07:30:00 AM,73373,0.453,3.43,,,,
3209,02/07/10 08:00:00 AM,73359,0.453,3.43,,,,
3210,02/07/10 08:30:00 AM,73359,0.453,3.43,,,,
3211,02/07/10 09:00:00 AM,73359,0.453,3.43,,,,
3212,02/07/10 09:30:00 AM,73345,0.453,3.43,,,,
3213,02/07/10 10:00:00 AM,73318,0.453,3.43,,,,
3214,02/07/10 10:30:00 AM,73304,0.453,3.43,,,,
3215,02/07/10 11:00:00 AM,73249,0.453,3.43,,,,
3216,02/07/10 11:30:00 AM,73236,0.453,3.43,,,,
3217,02/07/10 12:00:00 PM,73181,0.453,3.43,,,,
3218,02/07/10 12:30:00 PM,73126,0.453,3.43,,,,
3219,02/07/10 01:00:00 PM,73099,0.453,3.43,,,,
3220,02/07/10 01:30:00 PM,73044,0.453,3.43,,,,
3221,02/07/10 02:00:00 PM,73031,0.453,3.43,,,,
3222,02/07/10 02:30:00 PM,73031,0.453,3.43,,,,
3223,02/07/10 03:00:00 PM,73031,0.453,3.43,,,,
3224,02/07/10 03:30:00 PM,73031,0.453,3.43,,,,
3225,02/07/10 04:00:00 PM,73058,0.453,3.43,,,,
3226,02/07/10 04:30:00 PM,73058,0.453,3.43,,,,
3227,02/07/10 05:00:00 PM,73072,0.453,3.43,,,,
3228,02/07/10 05:30:00 PM,73085,0.453,3.43,,,,
3229,02/07/10 06:00:00 PM,73058,0.453,3.43,,,,
3230,02/07/10 06:30:00 PM,73085,0.453,3.43,,,,
3231,02/07/10 07:00:00 PM,73085,0.453,3.43,,,,
3232,02/07/10 07:30:00 PM,73126,0.453,3.43,,,,
3233,02/07/10 08:00:00 PM,73126,0.453,3.43,,,,
3234,02/07/10 08:30:00 PM,73113,0.453,3.43,,,,
3235,02/07/10 09:00:00 PM,73140,0.453,3.43,,,,
3236,02/07/10 09:30:00 PM,73140,0.453,3.43,,,,
3237,02/07/10 10:00:00 PM,73154,0.453,3.43,,,,
3238,02/07/10 10:30:00 PM,73140,0.453,3.43,,,,
3239,02/07/10 11:00:00 PM,73140,0.453,3.43,,,,
3240,02/07/10 11:30:00 PM,73140,0.453,3.43,,,,
3241,02/08/10 12:00:00 AM,73140,0.453,3.43,,,,
3242,02/08/10 12:30:00 AM,73140,0.453,3.43,,,,
3243,02/08/10 01:00:00 AM,73140,0.453,3.43,,,,
3244,02/08/10 01:30:00 AM,73140,0.453,3.43,,,,
3245,02/08/10 02:00:00 AM,73154,0.453,3.43,,,,
3246,02/08/10 02:30:00 AM,73140,0.453,3.43,,,,
3247,02/08/10 03:00:00 AM,73154,0.453,3.43,,,,
3248,02/08/10 03:30:00 AM,73140,0.453,3.43,,,,
3249,02/08/10 04:00:00 AM,73140,0.453,3.43,,,,
3250,02/08/10 04:30:00 AM,73154,0.453,3.43,,,,
3251,02/08/10 05:00:00 AM,73167,0.563,3.43,,,,
3252,02/08/10 05:30:00 AM,73167,0.453,3.43,,,,
3253,02/08/10 06:00:00 AM,73194,0.563,3.43,,,,
3254,02/08/10 06:30:00 AM,73208,0.563,3.43,,,,
3255,02/08/10 07:00:00 AM,73249,0.453,3.43,,,,
3256,02/08/10 07:30:00 AM,73249,0.453,3.43,,,,
3257,02/08/10 08:00:00 AM,73291,0.453,3.43,,,,
3258,02/08/10 08:30:00 AM,73318,0.453,3.43,,,,
3259,02/08/10 09:00:00 AM,73332,0.453,3.43,,,,
3260,02/08/10 09:30:00 AM,73345,0.453,3.43,,,,
3261,02/08/10 10:00:00 AM,73372,0.563,3.43,,,,
3262,02/08/10 10:30:00 AM,73373,0.453,3.43,,,,
3263,02/08/10 11:00:00 AM,73386,0.453,3.43,,,,
3264,02/08/10 11:30:00 AM,73400,0.453,3.43,,,,
3265,02/08/10 12:00:00 PM,73359,0.453,3.43,,,,
3266,02/08/10 12:30:00 PM,73345,0.453,3.43,,,,
3267,02/08/10 01:00:00 PM,73345,0.453,3.43,,,,
3268,02/08/10 01:30:00 PM,73317,0.563,3.43,,,,
3269,02/08/10 02:00:00 PM,73318,0.453,3.43,,,,
3270,02/08/10 02:30:00 PM,73332,0.453,3.43,,,,
3271,02/08/10 03:00:00 PM,73359,0.453,3.43,,,,
3272,02/08/10 03:30:00 PM,73386,0.563,3.43,,,,
3273,02/08/10 04:00:00 PM,73386,0.563,3.43,,,,
3274,02/08/10 04:30:00 PM,73400,0.453,3.43,,,,
3275,02/08/10 05:00:00 PM,73441,0.453,3.43,,,,
3276,02/08/10 05:30:00 PM,73482,0.453,3.43,,,,
3277,02/08/10 06:00:00 PM,73482,0.453,3.43,,,,
3278,02/08/10 06:30:00 PM,73523,0.563,3.43,,,,
3279,02/08/10 07:00:00 PM,73536,0.563,3.43,,,,
3280,02/08/10 07:30:00 PM,73550,0.563,3.43,,,,
3281,02/08/10 08:00:00 PM,73591,0.563,3.43,,,,
3282,02/08/10 08:30:00 PM,73605,0.563,3.43,,,,
3283,02/08/10 09:00:00 PM,73633,0.453,3.43,,,,
3284,02/08/10 09:30:00 PM,73633,0.453,3.43,,,,
3285,02/08/10 10:00:00 PM,73646,0.563,3.43,,,,
3286,02/08/10 10:30:00 PM,73646,0.563,3.43,,,,
3287,02/08/10 11:00:00 PM,73632,0.563,3.43,,,,
3288,02/08/10 11:30:00 PM,73646,0.563,3.43,,,,
3289,02/09/10 12:00:00 AM,73660,0.563,3.43,,,,
3290,02/09/10 12:30:00 AM,73632,0.563,3.43,,,,
3291,02/09/10 01:00:00 AM,73646,0.563,3.43,,,,
3292,02/09/10 01:30:00 AM,73660,0.563,3.43,,,,
3293,02/09/10 02:00:00 AM,73660,0.563,3.43,,,,
3294,02/09/10 02:30:00 AM,73673,0.563,3.43,,,,
3295,02/09/10 03:00:00 AM,73660,0.563,3.43,,,,
3296,02/09/10 03:30:00 AM,73646,0.563,3.43,,,,
3297,02/09/10 04:00:00 AM,73660,0.563,3.43,,,,
3298,02/09/10 04:30:00 AM,73673,0.563,3.43,,,,
3299,02/09/10 05:00:00 AM,73673,0.563,3.43,,,,
3300,02/09/10 05:30:00 AM,73701,0.563,3.43,,,,
3301,02/09/10 06:00:00 AM,73714,0.563,3.43,,,,
3302,02/09/10 06:30:00 AM,73769,0.563,3.43,,,,
3303,02/09/10 07:00:00 AM,73783,0.563,3.43,,,,
3304,02/09/10 07:30:00 AM,73824,0.563,3.43,,,,
3305,02/09/10 08:00:00 AM,73838,0.563,3.43,,,,
3306,02/09/10 08:30:00 AM,73851,0.563,3.43,,,,
3307,02/09/10 09:00:00 AM,73865,0.563,3.43,,,,
3308,02/09/10 09:30:00 AM,73865,0.563,3.43,,,,
3309,02/09/10 10:00:00 AM,73893,0.453,3.43,,,,
3310,02/09/10 10:30:00 AM,73879,0.563,3.43,,,,
3311,02/09/10 11:00:00 AM,73851,0.563,3.43,,,,
3312,02/09/10 11:30:00 AM,73824,0.563,3.43,,,,
3313,02/09/10 12:00:00 PM,73797,0.563,3.43,,,,
3314,02/09/10 12:30:00 PM,73714,0.563,3.43,,,,
3315,02/09/10 01:00:00 PM,73714,0.563,3.43,,,,
3316,02/09/10 01:30:00 PM,73673,0.563,3.43,,,,
3317,02/09/10 02:00:00 PM,73687,0.563,3.43,,,,
3318,02/09/10 02:30:00 PM,73673,0.563,3.43,,,,
3319,02/09/10 03:00:00 PM,73673,0.563,3.43,,,,
3320,02/09/10 03:30:00 PM,73714,0.563,3.43,,,,
3321,02/09/10 04:00:00 PM,73673,0.563,3.43,,,,
3322,02/09/10 04:30:00 PM,73701,0.563,3.43,,,,
3323,02/09/10 05:00:00 PM,73714,0.563,3.43,,,,
3324,02/09/10 05:30:00 PM,73714,0.563,3.43,,,,
3325,02/09/10 06:00:00 PM,73714,0.563,3.43,,,,
3326,02/09/10 06:30:00 PM,73755,0.563,3.43,,,,
3327,02/09/10 07:00:00 PM,73783,0.563,3.43,,,,
3328,02/09/10 07:30:00 PM,73783,0.563,3.43,,,,
3329,02/09/10 08:00:00 PM,73824,0.563,3.43,,,,
3330,02/09/10 08:30:00 PM,73810,0.563,3.43,,,,
3331,02/09/10 09:00:00 PM,73824,0.563,3.43,,,,
3332,02/09/10 09:30:00 PM,73797,0.563,3.43,,,,
3333,02/09/10 10:00:00 PM,73769,0.563,3.43,,,,
3334,02/09/10 10:30:00 PM,73742,0.563,3.43,,,,
3335,02/09/10 11:00:00 PM,73755,0.563,3.43,,,,
3336,02/09/10 11:30:00 PM,73755,0.563,3.43,,,,
3337,02/10/10 12:00:00 AM,73755,0.563,3.43,,,,
3338,02/10/10 12:30:00 AM,73728,0.563,3.43,,,,
3339,02/10/10 01:00:00 AM,73714,0.563,3.43,,,,
3340,02/10/10 01:30:00 AM,73714,0.563,3.43,,,,
3341,02/10/10 02:00:00 AM,73701,0.563,3.43,,,,
3342,02/10/10 02:30:00 AM,73687,0.563,3.43,,,,
3343,02/10/10 03:00:00 AM,73660,0.563,3.43,,,,
3344,02/10/10 03:30:00 AM,73646,0.563,3.43,,,,
3345,02/10/10 04:00:00 AM,73660,0.563,3.43,,,,
3346,02/10/10 04:30:00 AM,73660,0.563,3.43,,,,
3347,02/10/10 05:00:00 AM,73646,0.563,3.43,,,,
3348,02/10/10 05:30:00 AM,73646,0.563,3.43,,,,
3349,02/10/10 06:00:00 AM,73660,0.563,3.43,,,,
3350,02/10/10 06:30:00 AM,73646,0.563,3.43,,,,
3351,02/10/10 07:00:00 AM,73660,0.563,3.43,,,,
3352,02/10/10 07:30:00 AM,73673,0.563,3.43,,,,
3353,02/10/10 08:00:00 AM,73687,0.563,3.43,,,,
3354,02/10/10 08:30:00 AM,73673,0.563,3.43,,,,
3355,02/10/10 09:00:00 AM,73687,0.563,3.43,,,,
3356,02/10/10 09:30:00 AM,73646,0.563,3.43,,,,
3357,02/10/10 10:00:00 AM,73660,0.563,3.43,,,,
3358,02/10/10 10:30:00 AM,73673,0.563,3.43,,,,
3359,02/10/10 11:00:00 AM,73660,0.563,3.43,,,,
3360,02/10/10 11:30:00 AM,73660,0.563,3.43,,,,
3361,02/10/10 12:00:00 PM,73646,0.563,3.43,,,,
3362,02/10/10 12:30:00 PM,73591,0.563,3.43,,,,
3363,02/10/10 01:00:00 PM,73536,0.563,3.43,,,,
3364,02/10/10 01:30:00 PM,73536,0.563,3.43,,,,
3365,02/10/10 02:00:00 PM,73509,0.563,3.43,,,,
3366,02/10/10 02:30:00 PM,73509,0.563,3.43,,,,
3367,02/10/10 03:00:00 PM,73509,0.563,3.43,,,,
3368,02/10/10 03:30:00 PM,73509,0.563,3.43,,,,
3369,02/10/10 04:00:00 PM,73523,0.563,3.43,,,,
3370,02/10/10 04:30:00 PM,73523,0.563,3.43,,,,
3371,02/10/10 05:00:00 PM,73523,0.563,3.43,,,,
3372,02/10/10 05:30:00 PM,73523,0.563,3.43,,,,
3373,02/10/10 06:00:00 PM,73550,0.563,3.43,,,,
3374,02/10/10 06:30:00 PM,73578,0.563,3.43,,,,
3375,02/10/10 07:00:00 PM,73578,0.563,3.43,,,,
3376,02/10/10 07:30:00 PM,73564,0.563,3.43,,,,
3377,02/10/10 08:00:00 PM,73564,0.563,3.43,,,,
3378,02/10/10 08:30:00 PM,73550,0.563,3.43,,,,
3379,02/10/10 09:00:00 PM,73523,0.563,3.43,,,,
3380,02/10/10 09:30:00 PM,73536,0.563,3.43,,,,
3381,02/10/10 10:00:00 PM,73536,0.563,3.43,,,,
3382,02/10/10 10:30:00 PM,73536,0.563,3.43,,,,
3383,02/10/10 11:00:00 PM,73536,0.563,3.43,,,,
3384,02/10/10 11:30:00 PM,73536,0.563,3.43,,,,
3385,02/11/10 12:00:00 AM,73523,0.563,3.43,,,,
3386,02/11/10 12:30:00 AM,73523,0.563,3.43,,,,
3387,02/11/10 01:00:00 AM,73509,0.563,3.43,,,,
3388,02/11/10 01:30:00 AM,73495,0.563,3.43,,,,
3389,02/11/10 02:00:00 AM,73482,0.563,3.43,,,,
3390,02/11/10 02:30:00 AM,73482,0.563,3.43,,,,
3391,02/11/10 03:00:00 AM,73468,0.563,3.43,,,,
3392,02/11/10 03:30:00 AM,73441,0.563,3.43,,,,
3393,02/11/10 04:00:00 AM,73427,0.563,3.43,,,,
3394,02/11/10 04:30:00 AM,73441,0.563,3.43,,,,
3395,02/11/10 05:00:00 AM,73427,0.563,3.43,,,,
3396,02/11/10 05:30:00 AM,73441,0.563,3.43,,,,
3397,02/11/10 06:00:00 AM,73441,0.563,3.43,,,,
3398,02/11/10 06:30:00 AM,73468,0.563,3.43,,,,
3399,02/11/10 07:00:00 AM,73468,0.563,3.43,,,,
3400,02/11/10 07:30:00 AM,73495,0.563,3.43,,,,
3401,02/11/10 08:00:00 AM,73509,0.563,3.43,,,,
3402,02/11/10 08:30:00 AM,73564,0.563,3.43,,,,
3403,02/11/10 09:00:00 AM,73564,0.563,3.43,,,,
3404,02/11/10 09:30:00 AM,73564,0.563,3.43,,,,
3405,02/11/10 10:00:00 AM,73550,0.563,3.43,,,,
3406,02/11/10 10:30:00 AM,73605,0.563,3.43,,,,
3407,02/11/10 11:00:00 AM,73605,0.563,3.43,,,,
3408,02/11/10 11:30:00 AM,73578,0.563,3.43,,,,
3409,02/11/10 12:00:00 PM,73564,0.563,3.43,,,,
3410,02/11/10 12:30:00 PM,73536,0.563,3.43,,,,
3411,02/11/10 01:00:00 PM,73509,0.563,3.43,,,,
3412,02/11/10 01:30:00 PM,73495,0.563,3.43,,,,
3413,02/11/10 02:00:00 PM,73495,0.563,3.43,,,,
3414,02/11/10 02:30:00 PM,73482,0.563,3.43,,,,
3415,02/11/10 03:00:00 PM,73495,0.563,3.43,,,,
3416,02/11/10 03:30:00 PM,73550,0.563,3.43,,,,
3417,02/11/10 04:00:00 PM,73578,0.563,3.43,,,,
3418,02/11/10 04:30:00 PM,73591,0.563,3.43,,,,
3419,02/11/10 05:00:00 PM,73632,0.563,3.43,,,,
3420,02/11/10 05:30:00 PM,73687,0.563,3.43,,,,
3421,02/11/10 06:00:00 PM,73714,0.563,3.43,,,,
3422,02/11/10 06:30:00 PM,73755,0.563,3.43,,,,
3423,02/11/10 07:00:00 PM,73783,0.563,3.43,,,,
3424,02/11/10 07:30:00 PM,73797,0.563,3.43,,,,
3425,02/11/10 08:00:00 PM,73838,0.563,3.43,,,,
3426,02/11/10 08:30:00 PM,73865,0.563,3.43,,,,
3427,02/11/10 09:00:00 PM,73865,0.563,3.43,,,,
3428,02/11/10 09:30:00 PM,73865,0.563,3.43,,,,
3429,02/11/10 10:00:00 PM,73865,0.563,3.43,,,,
3430,02/11/10 10:30:00 PM,73879,0.563,3.43,,,,
3431,02/11/10 11:00:00 PM,73879,0.563,3.43,,,,
3432,02/11/10 11:30:00 PM,73906,0.563,3.43,,,,
3433,02/12/10 12:00:00 AM,73906,0.563,3.43,,,,
3434,02/12/10 12:30:00 AM,73879,0.563,3.43,,,,
3435,02/12/10 01:00:00 AM,73879,0.563,3.43,,,,
3436,02/12/10 01:30:00 AM,73879,0.563,3.43,,,,
3437,02/12/10 02:00:00 AM,73892,0.563,3.43,,,,
3438,02/12/10 02:30:00 AM,73879,0.563,3.43,,,,
3439,02/12/10 03:00:00 AM,73851,0.563,3.43,,,,
3440,02/12/10 03:30:00 AM,73838,0.563,3.43,,,,
3441,02/12/10 04:00:00 AM,73824,0.563,3.43,,,,
3442,02/12/10 04:30:00 AM,73838,0.563,3.43,,,,
3443,02/12/10 05:00:00 AM,73838,0.563,3.43,,,,
3444,02/12/10 05:30:00 AM,73838,0.563,3.43,,,,
3445,02/12/10 06:00:00 AM,73865,0.563,3.43,,,,
3446,02/12/10 06:30:00 AM,73851,0.563,3.43,,,,
3447,02/12/10 07:00:00 AM,73906,0.563,3.43,,,,
3448,02/12/10 07:30:00 AM,73920,0.563,3.43,,,,
3449,02/12/10 08:00:00 AM,73947,0.563,3.43,,,,
3450,02/12/10 08:30:00 AM,73974,0.563,3.43,,,,
3451,02/12/10 09:00:00 AM,73974,0.563,3.43,,,,
3452,02/12/10 09:30:00 AM,73988,0.563,3.43,,,,
3453,02/12/10 10:00:00 AM,74016,0.563,3.43,,,,
3454,02/12/10 10:30:00 AM,73988,0.563,3.43,,,,
3455,02/12/10 11:00:00 AM,73974,0.563,3.43,,,,
3456,02/12/10 11:30:00 AM,73988,0.563,3.43,,,,
3457,02/12/10 12:00:00 PM,73947,0.563,3.43,,,,
3458,02/12/10 12:30:00 PM,73892,0.563,3.43,,,,
3459,02/12/10 01:00:00 PM,73879,0.563,3.43,,,,
3460,02/12/10 01:30:00 PM,73851,0.563,3.43,,,,
3461,02/12/10 02:00:00 PM,73851,0.563,3.43,,,,
3462,02/12/10 02:30:00 PM,73851,0.563,3.43,,,,
3463,02/12/10 03:00:00 PM,73824,0.563,3.43,,,,
3464,02/12/10 03:30:00 PM,73838,0.563,3.43,,,,
3465,02/12/10 04:00:00 PM,73851,0.563,3.43,,,,
3466,02/12/10 04:30:00 PM,73865,0.563,3.43,,,,
3467,02/12/10 05:00:00 PM,73865,0.563,3.43,,,,
3468,02/12/10 05:30:00 PM,73879,0.563,3.43,,,,
3469,02/12/10 06:00:00 PM,73892,0.563,3.43,,,,
3470,02/12/10 06:30:00 PM,73906,0.563,3.43,,,,
3471,02/12/10 07:00:00 PM,73920,0.563,3.43,,,,
3472,02/12/10 07:30:00 PM,73947,0.563,3.43,,,,
3473,02/12/10 08:00:00 PM,73947,0.563,3.43,,,,
3474,02/12/10 08:30:00 PM,73961,0.563,3.43,,,,
3475,02/12/10 09:00:00 PM,73988,0.563,3.43,,,,
3476,02/12/10 09:30:00 PM,74002,0.563,3.43,,,,
3477,02/12/10 10:00:00 PM,74016,0.563,3.43,,,,
3478,02/12/10 10:30:00 PM,74016,0.563,3.43,,,,
3479,02/12/10 11:00:00 PM,74016,0.563,3.43,,,,
3480,02/12/10 11:30:00 PM,74016,0.563,3.43,,,,
3481,02/13/10 12:00:00 AM,74002,0.563,3.43,,,,
3482,02/13/10 12:30:00 AM,74002,0.563,3.43,,,,
3483,02/13/10 01:00:00 AM,73988,0.563,3.43,,,,
3484,02/13/10 01:30:00 AM,73988,0.563,3.43,,,,
3485,02/13/10 02:00:00 AM,73947,0.563,3.43,,,,
3486,02/13/10 02:30:00 AM,73933,0.563,3.43,,,,
3487,02/13/10 03:00:00 AM,73920,0.563,3.43,,,,
3488,02/13/10 03:30:00 AM,73920,0.563,3.43,,,,
3489,02/13/10 04:00:00 AM,73906,0.563,3.43,,,,
3490,02/13/10 04:30:00 AM,73906,0.563,3.43,,,,
3491,02/13/10 05:00:00 AM,73906,0.563,3.43,,,,
3492,02/13/10 05:30:00 AM,73933,0.563,3.43,,,,
3493,02/13/10 06:00:00 AM,73947,0.563,3.43,,,,
3494,02/13/10 06:30:00 AM,73988,0.563,3.43,,,,
3495,02/13/10 07:00:00 AM,74002,0.563,3.43,,,,
3496,02/13/10 07:30:00 AM,74002,0.563,3.43,,,,
3497,02/13/10 08:00:00 AM,74043,0.563,3.43,,,,
3498,02/13/10 08:30:00 AM,74029,0.563,3.43,,,,
3499,02/13/10 09:00:00 AM,74029,0.563,3.43,,,,
3500,02/13/10 09:30:00 AM,74016,0.563,3.43,,,,
3501,02/13/10 10:00:00 AM,74029,0.563,3.43,,,,
3502,02/13/10 10:30:00 AM,74029,0.563,3.43,,,,
3503,02/13/10 11:00:00 AM,74002,0.563,3.43,,,,
3504,02/13/10 11:30:00 AM,74002,0.563,3.43,,,,
3505,02/13/10 12:00:00 PM,73988,0.563,3.43,,,,
3506,02/13/10 12:30:00 PM,73933,0.563,3.43,,,,
3507,02/13/10 01:00:00 PM,73906,0.563,3.43,,,,
3508,02/13/10 01:30:00 PM,73865,0.563,3.43,,,,
3509,02/13/10 02:00:00 PM,73824,0.563,3.43,,,,
3510,02/13/10 02:30:00 PM,73824,0.563,3.43,,,,
3511,02/13/10 03:00:00 PM,73824,0.563,3.43,,,,
3512,02/13/10 03:30:00 PM,73797,0.563,3.43,,,,
3513,02/13/10 04:00:00 PM,73783,0.563,3.43,,,,
3514,02/13/10 04:30:00 PM,73810,0.563,3.43,,,,
3515,02/13/10 05:00:00 PM,73824,0.563,3.43,,,,
3516,02/13/10 05:30:00 PM,73810,0.563,3.43,,,,
3517,02/13/10 06:00:00 PM,73838,0.563,3.43,,,,
3518,02/13/10 06:30:00 PM,73851,0.563,3.43,,,,
3519,02/13/10 07:00:00 PM,73879,0.563,3.43,,,,
3520,02/13/10 07:30:00 PM,73892,0.563,3.43,,,,
3521,02/13/10 08:00:00 PM,73865,0.563,3.43,,,,
3522,02/13/10 08:30:00 PM,73879,0.563,3.43,,,,
3523,02/13/10 09:00:00 PM,73892,0.563,3.43,,,,
3524,02/13/10 09:30:00 PM,73920,0.563,3.43,,,,
3525,02/13/10 10:00:00 PM,73920,0.563,3.43,,,,
3526,02/13/10 10:30:00 PM,73906,0.563,3.43,,,,
3527,02/13/10 11:00:00 PM,73906,0.563,3.43,,,,
3528,02/13/10 11:30:00 PM,73920,0.563,3.43,,,,
3529,02/14/10 12:00:00 AM,73906,0.563,3.43,,,,
3530,02/14/10 12:30:00 AM,73906,0.563,3.43,,,,
3531,02/14/10 01:00:00 AM,73906,0.563,3.43,,,,
3532,02/14/10 01:30:00 AM,73892,0.563,3.43,,,,
3533,02/14/10 02:00:00 AM,73920,0.563,3.43,,,,
3534,02/14/10 02:30:00 AM,73892,0.563,3.43,,,,
3535,02/14/10 03:00:00 AM,73892,0.563,3.43,,,,
3536,02/14/10 03:30:00 AM,73879,0.563,3.43,,,,
3537,02/14/10 04:00:00 AM,73879,0.563,3.43,,,,
3538,02/14/10 04:30:00 AM,73892,0.563,3.43,,,,
3539,02/14/10 05:00:00 AM,73906,0.563,3.43,,,,
3540,02/14/10 05:30:00 AM,73906,0.563,3.43,,,,
3541,02/14/10 06:00:00 AM,73933,0.563,3.43,,,,
3542,02/14/10 06:30:00 AM,73933,0.563,3.43,,,,
3543,02/14/10 07:00:00 AM,73961,0.563,3.43,,,,
3544,02/14/10 07:30:00 AM,73988,0.563,3.43,,,,
3545,02/14/10 08:00:00 AM,74016,0.563,3.43,,,,
3546,02/14/10 08:30:00 AM,74029,0.563,3.43,,,,
3547,02/14/10 09:00:00 AM,74029,0.563,3.43,,,,
3548,02/14/10 09:30:00 AM,74057,0.563,3.43,,,,
3549,02/14/10 10:00:00 AM,74043,0.563,3.43,,,,
3550,02/14/10 10:30:00 AM,74057,0.563,3.43,,,,
3551,02/14/10 11:00:00 AM,74057,0.563,3.43,,,,
3552,02/14/10 11:30:00 AM,74043,0.563,3.43,,,,
3553,02/14/10 12:00:00 PM,74043,0.563,3.43,,,,
3554,02/14/10 12:30:00 PM,73988,0.563,3.43,,,,
3555,02/14/10 01:00:00 PM,73974,0.563,3.43,,,,
3556,02/14/10 01:30:00 PM,73961,0.563,3.43,,,,
3557,02/14/10 02:00:00 PM,73933,0.563,3.43,,,,
3558,02/14/10 02:30:00 PM,73920,0.563,3.43,,,,
3559,02/14/10 03:00:00 PM,73961,0.563,3.43,,,,
3560,02/14/10 03:30:00 PM,73947,0.563,3.43,,,,
3561,02/14/10 04:00:00 PM,73961,0.563,3.43,,,,
3562,02/14/10 04:30:00 PM,73974,0.563,3.43,,,,
3563,02/14/10 05:00:00 PM,73988,0.563,3.43,,,,
3564,02/14/10 05:30:00 PM,74016,0.563,3.43,,,,
3565,02/14/10 06:00:00 PM,74043,0.563,3.43,,,,
3566,02/14/10 06:30:00 PM,74057,0.563,3.43,,,,
3567,02/14/10 07:00:00 PM,74098,0.563,3.43,,,,
3568,02/14/10 07:30:00 PM,74125,0.563,3.43,,,,
3569,02/14/10 08:00:00 PM,74125,0.563,3.43,,,,
3570,02/14/10 08:30:00 PM,74139,0.563,3.43,,,,
3571,02/14/10 09:00:00 PM,74152,0.563,3.43,,,,
3572,02/14/10 09:30:00 PM,74152,0.563,3.43,,,,
3573,02/14/10 10:00:00 PM,74166,0.563,3.43,,,,
3574,02/14/10 10:30:00 PM,74166,0.563,3.43,,,,
3575,02/14/10 11:00:00 PM,74152,0.563,3.43,,,,
3576,02/14/10 11:30:00 PM,74166,0.563,3.43,,,,
3577,02/15/10 12:00:00 AM,74166,0.563,3.43,,,,
3578,02/15/10 12:30:00 AM,74180,0.563,3.43,,,,
3579,02/15/10 01:00:00 AM,74166,0.563,3.43,,,,
3580,02/15/10 01:30:00 AM,74152,0.563,3.43,,,,
3581,02/15/10 02:00:00 AM,74152,0.563,3.43,,,,
3582,02/15/10 02:30:00 AM,74152,0.563,3.43,,,,
3583,02/15/10 03:00:00 AM,74139,0.563,3.43,,,,
3584,02/15/10 03:30:00 AM,74125,0.563,3.43,,,,
3585,02/15/10 04:00:00 AM,74139,0.563,3.43,,,,
3586,02/15/10 04:30:00 AM,74139,0.563,3.43,,,,
3587,02/15/10 05:00:00 AM,74139,0.563,3.43,,,,
3588,02/15/10 05:30:00 AM,74152,0.563,3.43,,,,
3589,02/15/10 06:00:00 AM,74152,0.563,3.43,,,,
3590,02/15/10 06:30:00 AM,74139,0.563,3.43,,,,
3591,02/15/10 07:00:00 AM,74166,0.563,3.43,,,,
3592,02/15/10 07:30:00 AM,74180,0.563,3.43,,,,
3593,02/15/10 08:00:00 AM,74166,0.563,3.43,,,,
3594,02/15/10 08:30:00 AM,74180,0.563,3.43,,,,
3595,02/15/10 09:00:00 AM,74180,0.563,3.43,,,,
3596,02/15/10 09:30:00 AM,74166,0.563,3.43,,,,
3597,02/15/10 10:00:00 AM,74194,0.563,3.43,,,,
3598,02/15/10 10:30:00 AM,74180,0.563,3.43,,,,
3599,02/15/10 11:00:00 AM,74180,0.563,3.43,,,,
3600,02/15/10 11:30:00 AM,74166,0.563,3.43,,,,
3601,02/15/10 12:00:00 PM,74125,0.563,3.43,,,,
3602,02/15/10 12:30:00 PM,74098,0.563,3.43,,,,
3603,02/15/10 01:00:00 PM,74070,0.563,3.43,,,,
3604,02/15/10 01:30:00 PM,74043,0.563,3.43,,,,
3605,02/15/10 02:00:00 PM,74029,0.563,3.43,,,,
3606,02/15/10 02:30:00 PM,74016,0.563,3.43,,,,
3607,02/15/10 03:00:00 PM,74029,0.563,3.43,,,,
3608,02/15/10 03:30:00 PM,74016,0.563,3.43,,,,
3609,02/15/10 04:00:00 PM,74043,0.563,3.43,,,,
3610,02/15/10 04:30:00 PM,74043,0.563,3.43,,,,
3611,02/15/10 05:00:00 PM,74043,0.563,3.43,,,,
3612,02/15/10 05:30:00 PM,74057,0.563,3.43,,,,
3613,02/15/10 06:00:00 PM,74043,0.563,3.43,,,,
3614,02/15/10 06:30:00 PM,74057,0.563,3.43,,,,
3615,02/15/10 07:00:00 PM,74070,0.563,3.43,,,,
3616,02/15/10 07:30:00 PM,74057,0.563,3.43,,,,
3617,02/15/10 08:00:00 PM,74084,0.563,3.43,,,,
3618,02/15/10 08:30:00 PM,74084,0.563,3.43,,,,
3619,02/15/10 09:00:00 PM,74098,0.563,3.43,,,,
3620,02/15/10 09:30:00 PM,74084,0.563,3.43,,,,
3621,02/15/10 10:00:00 PM,74098,0.563,3.43,,,,
3622,02/15/10 10:30:00 PM,74111,0.563,3.43,,,,
3623,02/15/10 11:00:00 PM,74111,0.563,3.43,,,,
3624,02/15/10 11:30:00 PM,74111,0.563,3.43,,,,
3625,02/16/10 12:00:00 AM,74139,0.563,3.43,,,,
3626,02/16/10 12:30:00 AM,74152,0.563,3.43,,,,
3627,02/16/10 01:00:00 AM,74125,0.563,3.43,,,,
3628,02/16/10 01:30:00 AM,74139,0.563,3.43,,,,
3629,02/16/10 02:00:00 AM,74111,0.563,3.43,,,,
3630,02/16/10 02:30:00 AM,74111,0.563,3.43,,,,
3631,02/16/10 03:00:00 AM,74098,0.563,3.43,,,,
3632,02/16/10 03:30:00 AM,74098,0.563,3.43,,,,
3633,02/16/10 04:00:00 AM,74098,0.563,3.43,,,,
3634,02/16/10 04:30:00 AM,74098,0.563,3.43,,,,
3635,02/16/10 05:00:00 AM,74111,0.563,3.43,,,,
3636,02/16/10 05:30:00 AM,74098,0.563,3.43,,,,
3637,02/16/10 06:00:00 AM,74125,0.563,3.43,,,,
3638,02/16/10 06:30:00 AM,74125,0.563,3.43,,,,
3639,02/16/10 07:00:00 AM,74152,0.563,3.43,,,,
3640,02/16/10 07:30:00 AM,74152,0.563,3.43,,,,
3641,02/16/10 08:00:00 AM,74180,0.563,3.43,,,,
3642,02/16/10 08:30:00 AM,74207,0.563,3.43,,,,
3643,02/16/10 09:00:00 AM,74207,0.563,3.43,,,,
3644,02/16/10 09:30:00 AM,74235,0.563,3.43,,,,
3645,02/16/10 10:00:00 AM,74235,0.563,3.43,,,,
3646,02/16/10 10:30:00 AM,74248,0.563,3.43,,,,
3647,02/16/10 11:00:00 AM,74221,0.563,3.43,,,,
3648,02/16/10 11:30:00 AM,74207,0.563,3.43,,,,
3649,02/16/10 12:00:00 PM,74166,0.563,3.43,,,,
3650,02/16/10 12:30:00 PM,74152,0.563,3.43,,,,
3651,02/16/10 01:00:00 PM,74098,0.563,3.43,,,,
3652,02/16/10 01:30:00 PM,74084,0.563,3.43,,,,
3653,02/16/10 02:00:00 PM,74070,0.563,3.43,,,,
3654,02/16/10 02:30:00 PM,74070,0.563,3.43,,,,
3655,02/16/10 03:00:00 PM,74070,0.563,3.43,,,,
3656,02/16/10 03:30:00 PM,74084,0.563,3.43,,,,
3657,02/16/10 04:00:00 PM,74084,0.563,3.43,,,,
3658,02/16/10 04:30:00 PM,74084,0.563,3.43,,,,
3659,02/16/10 05:00:00 PM,74098,0.563,3.43,,,,
3660,02/16/10 05:30:00 PM,74125,0.563,3.43,,,,
3661,02/16/10 06:00:00 PM,74139,0.563,3.43,,,,
3662,02/16/10 06:30:00 PM,74166,0.563,3.43,,,,
3663,02/16/10 07:00:00 PM,74166,0.563,3.43,,,,
3664,02/16/10 07:30:00 PM,74180,0.563,3.43,,,,
3665,02/16/10 08:00:00 PM,74194,0.563,3.43,,,,
3666,02/16/10 08:30:00 PM,74207,0.563,3.43,,,,
3667,02/16/10 09:00:00 PM,74207,0.563,3.43,,,,
3668,02/16/10 09:30:00 PM,74207,0.563,3.43,,,,
3669,02/16/10 10:00:00 PM,74235,0.563,3.43,,,,
3670,02/16/10 10:30:00 PM,74221,0.563,3.43,,,,
3671,02/16/10 11:00:00 PM,74221,0.563,3.43,,,,
3672,02/16/10 11:30:00 PM,74248,0.563,3.43,,,,
3673,02/17/10 12:00:00 AM,74221,0.563,3.43,,,,
3674,02/17/10 12:30:00 AM,74221,0.563,3.43,,,,
3675,02/17/10 01:00:00 AM,74221,0.563,3.43,,,,
3676,02/17/10 01:30:00 AM,74207,0.563,3.43,,,,
3677,02/17/10 02:00:00 AM,74207,0.563,3.43,,,,
3678,02/17/10 02:30:00 AM,74194,0.563,3.43,,,,
3679,02/17/10 03:00:00 AM,74180,0.563,3.43,,,,
3680,02/17/10 03:30:00 AM,74166,0.563,3.43,,,,
3681,02/17/10 04:00:00 AM,74152,0.563,3.43,,,,
3682,02/17/10 04:30:00 AM,74166,0.563,3.43,,,,
3683,02/17/10 05:00:00 AM,74180,0.563,3.43,,,,
3684,02/17/10 05:30:00 AM,74166,0.563,3.43,,,,
3685,02/17/10 06:00:00 AM,74166,0.563,3.43,,,,
3686,02/17/10 06:30:00 AM,74166,0.563,3.43,,,,
3687,02/17/10 07:00:00 AM,74166,0.563,3.43,,,,
3688,02/17/10 07:30:00 AM,74194,0.563,3.43,,,,
3689,02/17/10 08:00:00 AM,74207,0.563,3.43,,,,
3690,02/17/10 08:30:00 AM,74207,0.563,3.43,,,,
3691,02/17/10 09:00:00 AM,74207,0.563,3.43,,,,
3692,02/17/10 09:30:00 AM,74180,0.563,3.43,,,,
3693,02/17/10 10:00:00 AM,74194,0.563,3.43,,,,
3694,02/17/10 10:30:00 AM,74166,0.563,3.43,,,,
3695,02/17/10 11:00:00 AM,74166,0.563,3.43,,,,
3696,02/17/10 11:30:00 AM,74152,0.563,3.43,,,,
3697,02/17/10 12:00:00 PM,74125,0.563,3.43,,,,
3698,02/17/10 12:30:00 PM,74098,0.563,3.43,,,,
3699,02/17/10 01:00:00 PM,74057,0.563,3.43,,,,
3700,02/17/10 01:30:00 PM,74029,0.563,3.43,,,,
3701,02/17/10 02:00:00 PM,73988,0.563,3.43,,,,
3702,02/17/10 02:30:00 PM,73974,0.563,3.43,,,,
3703,02/17/10 03:00:00 PM,73961,0.563,3.43,,,,
3704,02/17/10 03:30:00 PM,73974,0.563,3.43,,,,
3705,02/17/10 04:00:00 PM,73974,0.563,3.43,,,,
3706,02/17/10 04:30:00 PM,73974,0.563,3.43,,,,
3707,02/17/10 05:00:00 PM,73961,0.563,3.43,,,,
3708,02/17/10 05:30:00 PM,74002,0.563,3.43,,,,
3709,02/17/10 06:00:00 PM,74016,0.563,3.43,,,,
3710,02/17/10 06:30:00 PM,74016,0.563,3.43,,,,
3711,02/17/10 07:00:00 PM,74029,0.563,3.43,,,,
3712,02/17/10 07:30:00 PM,74016,0.563,3.43,,,,
3713,02/17/10 08:00:00 PM,74016,0.563,3.43,,,,
3714,02/17/10 08:30:00 PM,74002,0.563,3.43,,,,
3715,02/17/10 09:00:00 PM,74016,0.563,3.43,,,,
3716,02/17/10 09:30:00 PM,74016,0.563,3.43,,,,
3717,02/17/10 10:00:00 PM,74016,0.563,3.43,,,,
3718,02/17/10 10:30:00 PM,74029,0.563,3.43,,,,
3719,02/17/10 11:00:00 PM,74002,0.563,3.43,,,,
3720,02/17/10 11:30:00 PM,73974,0.563,3.43,,,,
3721,02/18/10 12:00:00 AM,73961,0.563,3.43,,,,
3722,02/18/10 12:30:00 AM,73961,0.563,3.43,,,,
3723,02/18/10 01:00:00 AM,73947,0.563,3.43,,,,
3724,02/18/10 01:30:00 AM,73933,0.563,3.43,,,,
3725,02/18/10 02:00:00 AM,73906,0.563,3.43,,,,
3726,02/18/10 02:30:00 AM,73906,0.563,3.43,,,,
3727,02/18/10 03:00:00 AM,73879,0.563,3.43,,,,
3728,02/18/10 03:30:00 AM,73865,0.563,3.43,,,,
3729,02/18/10 04:00:00 AM,73865,0.563,3.43,,,,
3730,02/18/10 04:30:00 AM,73851,0.563,3.43,,,,
3731,02/18/10 05:00:00 AM,73851,0.563,3.43,,,,
3732,02/18/10 05:30:00 AM,73851,0.563,3.43,,,,
3733,02/18/10 06:00:00 AM,73851,0.563,3.43,,,,
3734,02/18/10 06:30:00 AM,73838,0.563,3.43,,,,
3735,02/18/10 07:00:00 AM,73838,0.563,3.43,,,,
3736,02/18/10 07:30:00 AM,73838,0.563,3.43,,,,
3737,02/18/10 08:00:00 AM,73824,0.563,3.43,,,,
3738,02/18/10 08:30:00 AM,73838,0.563,3.43,,,,
3739,02/18/10 09:00:00 AM,73824,0.563,3.43,,,,
3740,02/18/10 09:30:00 AM,73810,0.563,3.43,,,,
3741,02/18/10 10:00:00 AM,73810,0.563,3.43,,,,
3742,02/18/10 10:30:00 AM,73797,0.563,3.43,,,,
3743,02/18/10 11:00:00 AM,73783,0.563,3.43,,,,
3744,02/18/10 11:30:00 AM,73755,0.563,3.43,,,,
3745,02/18/10 12:00:00 PM,73742,0.563,3.43,,,,
3746,02/18/10 12:30:00 PM,73701,0.563,3.43,,,,
3747,02/18/10 01:00:00 PM,73673,0.563,3.43,,,,
3748,02/18/10 01:30:00 PM,73619,0.563,3.43,,,,
3749,02/18/10 02:00:00 PM,73632,0.563,3.43,,,,
3750,02/18/10 02:30:00 PM,73619,0.563,3.43,,,,
3751,02/18/10 03:00:00 PM,73619,0.563,3.43,,,,
3752,02/18/10 03:30:00 PM,73632,0.563,3.43,,,,
3753,02/18/10 04:00:00 PM,73619,0.563,3.43,,,,
3754,02/18/10 04:30:00 PM,73605,0.563,3.43,,,,
3755,02/18/10 05:00:00 PM,73605,0.563,3.43,,,,
3756,02/18/10 05:30:00 PM,73619,0.563,3.43,,,,
3757,02/18/10 06:00:00 PM,73632,0.563,3.43,,,,
3758,02/18/10 06:30:00 PM,73646,0.563,3.43,,,,
3759,02/18/10 07:00:00 PM,73632,0.563,3.43,,,,
3760,02/18/10 07:30:00 PM,73660,0.563,3.43,,,,
3761,02/18/10 08:00:00 PM,73646,0.563,3.43,,,,
3762,02/18/10 08:30:00 PM,73660,0.563,3.43,,,,
3763,02/18/10 09:00:00 PM,73673,0.563,3.43,,,,
3764,02/18/10 09:30:00 PM,73673,0.563,3.43,,,,
3765,02/18/10 10:00:00 PM,73673,0.563,3.43,,,,
3766,02/18/10 10:30:00 PM,73660,0.563,3.43,,,,
3767,02/18/10 11:00:00 PM,73660,0.563,3.43,,,,
3768,02/18/10 11:30:00 PM,73632,0.563,3.43,,,,
3769,02/19/10 12:00:00 AM,73619,0.563,3.43,,,,
3770,02/19/10 12:30:00 AM,73619,0.563,3.43,,,,
3771,02/19/10 01:00:00 AM,73632,0.563,3.43,,,,
3772,02/19/10 01:30:00 AM,73632,0.563,3.43,,,,
3773,02/19/10 02:00:00 AM,73619,0.563,3.43,,,,
3774,02/19/10 02:30:00 AM,73632,0.563,3.43,,,,
3775,02/19/10 03:00:00 AM,73605,0.563,3.43,,,,
3776,02/19/10 03:30:00 AM,73619,0.563,3.43,,,,
3777,02/19/10 04:00:00 AM,73605,0.563,3.43,,,,
3778,02/19/10 04:30:00 AM,73619,0.563,3.43,,,,
3779,02/19/10 05:00:00 AM,73605,0.563,3.43,,,,
3780,02/19/10 05:30:00 AM,73619,0.563,3.43,,,,
3781,02/19/10 06:00:00 AM,73632,0.563,3.43,,,,
3782,02/19/10 06:30:00 AM,73660,0.563,3.43,,,,
3783,02/19/10 07:00:00 AM,73660,0.563,3.43,,,,
3784,02/19/10 07:30:00 AM,73660,0.563,3.43,,,,
3785,02/19/10 08:00:00 AM,73673,0.563,3.43,,,,
3786,02/19/10 08:30:00 AM,73687,0.563,3.43,,,,
3787,02/19/10 09:00:00 AM,73714,0.563,3.43,,,,
3788,02/19/10 09:30:00 AM,73687,0.563,3.43,,,,
3789,02/19/10 10:00:00 AM,73701,0.563,3.43,,,,
3790,02/19/10 10:30:00 AM,73687,0.563,3.43,,,,
3791,02/19/10 11:00:00 AM,73673,0.563,3.43,,,,
3792,02/19/10 11:30:00 AM,73687,0.563,3.43,,,,
3793,02/19/10 12:00:00 PM,73687,0.563,3.43,,,,
3794,02/19/10 12:30:00 PM,73646,0.563,3.43,,,,
3795,02/19/10 01:00:00 PM,73619,0.563,3.43,,,,
3796,02/19/10 01:30:00 PM,73605,0.563,3.43,,,,
3797,02/19/10 02:00:00 PM,73591,0.563,3.43,,,,
3798,02/19/10 02:30:00 PM,73605,0.563,3.43,,,,
3799,02/19/10 03:00:00 PM,73591,0.563,3.43,,,,
3800,02/19/10 03:30:00 PM,73578,0.563,3.43,,,,
3801,02/19/10 04:00:00 PM,73564,0.563,3.43,,,,
3802,02/19/10 04:30:00 PM,73578,0.563,3.43,,,,
3803,02/19/10 05:00:00 PM,73591,0.563,3.43,,,,
3804,02/19/10 05:30:00 PM,73591,0.563,3.43,,,,
3805,02/19/10 06:00:00 PM,73591,0.563,3.43,,,,
3806,02/19/10 06:30:00 PM,73605,0.563,3.43,,,,
3807,02/19/10 07:00:00 PM,73619,0.563,3.43,,,,
3808,02/19/10 07:30:00 PM,73619,0.563,3.43,,,,
3809,02/19/10 08:00:00 PM,73605,0.563,3.43,,,,
3810,02/19/10 08:30:00 PM,73605,0.563,3.43,,,,
3811,02/19/10 09:00:00 PM,73619,0.563,3.43,,,,
3812,02/19/10 09:30:00 PM,73632,0.563,3.43,,,,
3813,02/19/10 10:00:00 PM,73619,0.563,3.43,,,,
3814,02/19/10 10:30:00 PM,73605,0.563,3.43,,,,
3815,02/19/10 11:00:00 PM,73605,0.563,3.43,,,,
3816,02/19/10 11:30:00 PM,73619,0.563,3.43,,,,
3817,02/20/10 12:00:00 AM,73605,0.563,3.43,,,,
3818,02/20/10 12:30:00 AM,73605,0.563,3.43,,,,
3819,02/20/10 01:00:00 AM,73632,0.563,3.43,,,,
3820,02/20/10 01:30:00 AM,73605,0.563,3.43,,,,
3821,02/20/10 02:00:00 AM,73605,0.563,3.43,,,,
3822,02/20/10 02:30:00 AM,73564,0.563,3.43,,,,
3823,02/20/10 03:00:00 AM,73536,0.563,3.43,,,,
3824,02/20/10 03:30:00 AM,73523,0.563,3.43,,,,
3825,02/20/10 04:00:00 AM,73509,0.563,3.43,,,,
3826,02/20/10 04:30:00 AM,73495,0.563,3.43,,,,
3827,02/20/10 05:00:00 AM,73495,0.563,3.43,,,,
3828,02/20/10 05:30:00 AM,73482,0.563,3.43,,,,
3829,02/20/10 06:00:00 AM,73482,0.563,3.43,,,,
3830,02/20/10 06:30:00 AM,73482,0.563,3.43,,,,
3831,02/20/10 07:00:00 AM,73482,0.563,3.43,,,,
3832,02/20/10 07:30:00 AM,73482,0.563,3.43,,,,
3833,02/20/10 08:00:00 AM,73468,0.563,3.43,,,,
3834,02/20/10 08:30:00 AM,73441,0.563,3.43,,,,
3835,02/20/10 09:00:00 AM,73441,0.563,3.43,,,,
3836,02/20/10 09:30:00 AM,73427,0.563,3.43,,,,
3837,02/20/10 10:00:00 AM,73427,0.563,3.43,,,,
3838,02/20/10 10:30:00 AM,73400,0.563,3.43,,,,
3839,02/20/10 11:00:00 AM,73386,0.563,3.43,,,,
3840,02/20/10 11:30:00 AM,73345,0.563,3.43,,,,
3841,02/20/10 12:00:00 PM,73331,0.563,3.43,,,,
3842,02/20/10 12:30:00 PM,73276,0.563,3.43,,,,
3843,02/20/10 01:00:00 PM,73263,0.563,3.43,,,,
3844,02/20/10 01:30:00 PM,73235,0.563,3.43,,,,
3845,02/20/10 02:00:00 PM,73235,0.563,3.43,,,,
3846,02/20/10 02:30:00 PM,73208,0.563,3.43,,,,
3847,02/20/10 03:00:00 PM,73181,0.563,3.43,,,,
3848,02/20/10 03:30:00 PM,73194,0.563,3.43,,,,
3849,02/20/10 04:00:00 PM,73194,0.563,3.43,,,,
3850,02/20/10 04:30:00 PM,73167,0.563,3.43,,,,
3851,02/20/10 05:00:00 PM,73153,0.563,3.43,,,,
3852,02/20/10 05:30:00 PM,73181,0.563,3.43,,,,
3853,02/20/10 06:00:00 PM,73181,0.563,3.43,,,,
3854,02/20/10 06:30:00 PM,73235,0.563,3.43,,,,
3855,02/20/10 07:00:00 PM,73235,0.563,3.43,,,,
3856,02/20/10 07:30:00 PM,73222,0.563,3.43,,,,
3857,02/20/10 08:00:00 PM,73222,0.563,3.43,,,,
3858,02/20/10 08:30:00 PM,73235,0.563,3.43,,,,
3859,02/20/10 09:00:00 PM,73235,0.563,3.43,,,,
3860,02/20/10 09:30:00 PM,73235,0.563,3.43,,,,
3861,02/20/10 10:00:00 PM,73208,0.563,3.43,,,,
3862,02/20/10 10:30:00 PM,73194,0.563,3.43,,,,
3863,02/20/10 11:00:00 PM,73181,0.563,3.43,,,,
3864,02/20/10 11:30:00 PM,73181,0.563,3.43,,,,
3865,02/21/10 12:00:00 AM,73181,0.563,3.43,,,,
3866,02/21/10 12:30:00 AM,73194,0.563,3.43,,,,
3867,02/21/10 01:00:00 AM,73208,0.563,3.43,,,,
3868,02/21/10 01:30:00 AM,73249,0.563,3.43,,,,
3869,02/21/10 02:00:00 AM,73235,0.563,3.43,,,,
3870,02/21/10 02:30:00 AM,73222,0.563,3.43,,,,
3871,02/21/10 03:00:00 AM,73249,0.563,3.43,,,,
3872,02/21/10 03:30:00 AM,73249,0.563,3.43,,,,
3873,02/21/10 04:00:00 AM,73249,0.563,3.43,,,,
3874,02/21/10 04:30:00 AM,73263,0.563,3.43,,,,
3875,02/21/10 05:00:00 AM,73249,0.563,3.43,,,,
3876,02/21/10 05:30:00 AM,73304,0.563,3.43,,,,
3877,02/21/10 06:00:00 AM,73317,0.563,3.43,,,,
3878,02/21/10 06:30:00 AM,73345,0.563,3.43,,,,
3879,02/21/10 07:00:00 AM,73359,0.563,3.43,,,,
3880,02/21/10 07:30:00 AM,73372,0.563,3.43,,,,
3881,02/21/10 08:00:00 AM,73372,0.563,3.43,,,,
3882,02/21/10 08:30:00 AM,73400,0.563,3.43,,,,
3883,02/21/10 09:00:00 AM,73386,0.563,3.43,,,,
3884,02/21/10 09:30:00 AM,73386,0.563,3.43,,,,
3885,02/21/10 10:00:00 AM,73372,0.563,3.43,,,,
3886,02/21/10 10:30:00 AM,73372,0.563,3.43,,,,
3887,02/21/10 11:00:00 AM,73345,0.563,3.43,,,,
3888,02/21/10 11:30:00 AM,73359,0.563,3.43,,,,
3889,02/21/10 12:00:00 PM,73317,0.563,3.43,,,,
3890,02/21/10 12:30:00 PM,73304,0.563,3.43,,,,
3891,02/21/10 01:00:00 PM,73263,0.563,3.43,,,,
3892,02/21/10 01:30:00 PM,73249,0.563,3.43,,,,
3893,02/21/10 02:00:00 PM,73235,0.563,3.43,,,,
3894,02/21/10 02:30:00 PM,73249,0.563,3.43,,,,
3895,02/21/10 03:00:00 PM,73235,0.563,3.43,,,,
3896,02/21/10 03:30:00 PM,73235,0.563,3.43,,,,
3897,02/21/10 04:00:00 PM,73222,0.563,3.43,,,,
3898,02/21/10 04:30:00 PM,73249,0.563,3.43,,,,
3899,02/21/10 05:00:00 PM,73249,0.563,3.43,,,,
3900,02/21/10 05:30:00 PM,73276,0.563,3.43,,,,
3901,02/21/10 06:00:00 PM,73290,0.563,3.43,,,,
3902,02/21/10 06:30:00 PM,73276,0.563,3.43,,,,
3903,02/21/10 07:00:00 PM,73290,0.563,3.43,,,,
3904,02/21/10 07:30:00 PM,73304,0.563,3.43,,,,
3905,02/21/10 08:00:00 PM,73276,0.563,3.43,,,,
3906,02/21/10 08:30:00 PM,73290,0.563,3.43,,,,
3907,02/21/10 09:00:00 PM,73276,0.563,3.43,,,,
3908,02/21/10 09:30:00 PM,73304,0.563,3.43,,,,
3909,02/21/10 10:00:00 PM,73263,0.563,3.43,,,,
3910,02/21/10 10:30:00 PM,73290,0.563,3.43,,,,
3911,02/21/10 11:00:00 PM,73304,0.563,3.43,,,,
3912,02/21/10 11:30:00 PM,73317,0.563,3.43,,,,
3913,02/22/10 12:00:00 AM,73290,0.563,3.43,,,,
3914,02/22/10 12:30:00 AM,73290,0.563,3.43,,,,
3915,02/22/10 01:00:00 AM,73263,0.563,3.43,,,,
3916,02/22/10 01:30:00 AM,73249,0.563,3.43,,,,
3917,02/22/10 02:00:00 AM,73249,0.563,3.43,,,,
3918,02/22/10 02:30:00 AM,73208,0.563,3.43,,,,
3919,02/22/10 03:00:00 AM,73194,0.563,3.43,,,,
3920,02/22/10 03:30:00 AM,73167,0.563,3.43,,,,
3921,02/22/10 04:00:00 AM,73167,0.563,3.43,,,,
3922,02/22/10 04:30:00 AM,73167,0.563,3.43,,,,
3923,02/22/10 05:00:00 AM,73140,0.563,3.43,,,,
3924,02/22/10 05:30:00 AM,73140,0.563,3.43,,,,
3925,02/22/10 06:00:00 AM,73112,0.563,3.43,,,,
3926,02/22/10 06:30:00 AM,73085,0.563,3.43,,,,
3927,02/22/10 07:00:00 AM,73057,0.563,3.43,,,,
3928,02/22/10 07:30:00 AM,73057,0.563,3.43,,,,
3929,02/22/10 08:00:00 AM,73057,0.563,3.43,,,,
3930,02/22/10 08:30:00 AM,73071,0.563,3.43,,,,
3931,02/22/10 09:00:00 AM,73057,0.563,3.43,,,,
3932,02/22/10 09:30:00 AM,73030,0.563,3.43,,,,
3933,02/22/10 10:00:00 AM,73016,0.563,3.43,,,,
3934,02/22/10 10:30:00 AM,73044,0.563,3.43,,,,
3935,02/22/10 11:00:00 AM,73071,0.563,3.43,,,,
3936,02/22/10 11:30:00 AM,73071,0.563,3.43,,,,
3937,02/22/10 12:00:00 PM,73071,0.563,3.43,,,,
3938,02/22/10 12:30:00 PM,73044,0.563,3.43,,,,
3939,02/22/10 01:00:00 PM,73003,0.563,3.43,,,,
3940,02/22/10 01:30:00 PM,72948,0.563,3.43,,,,
3941,02/22/10 02:00:00 PM,72934,0.563,3.43,,,,
3942,02/22/10 02:30:00 PM,72975,0.563,3.43,,,,
3943,02/22/10 03:00:00 PM,72989,0.563,3.43,,,,
3944,02/22/10 03:30:00 PM,72989,0.563,3.43,,,,
3945,02/22/10 04:00:00 PM,73016,0.563,3.43,,,,
3946,02/22/10 04:30:00 PM,73044,0.563,3.43,,,,
3947,02/22/10 05:00:00 PM,73071,0.563,3.43,,,,
3948,02/22/10 05:30:00 PM,73098,0.563,3.43,,,,
3949,02/22/10 06:00:00 PM,73140,0.563,3.43,,,,
3950,02/22/10 06:30:00 PM,73153,0.563,3.43,,,,
3951,02/22/10 07:00:00 PM,73194,0.563,3.43,,,,
3952,02/22/10 07:30:00 PM,73235,0.563,3.43,,,,
3953,02/22/10 08:00:00 PM,73290,0.563,3.43,,,,
3954,02/22/10 08:30:00 PM,73331,0.563,3.43,,,,
3955,02/22/10 09:00:00 PM,73372,0.563,3.43,,,,
3956,02/22/10 09:30:00 PM,73372,0.563,3.43,,,,
3957,02/22/10 10:00:00 PM,73359,0.563,3.43,,,,
3958,02/22/10 10:30:00 PM,73400,0.563,3.43,,,,
3959,02/22/10 11:00:00 PM,73441,0.563,3.43,,,,
3960,02/22/10 11:30:00 PM,73454,0.563,3.43,,,,
3961,02/23/10 12:00:00 AM,73454,0.563,3.43,,,,
3962,02/23/10 12:30:00 AM,73482,0.563,3.43,,,,
3963,02/23/10 01:00:00 AM,73523,0.563,3.43,,,,
3964,02/23/10 01:30:00 AM,73550,0.563,3.43,,,,
3965,02/23/10 02:00:00 AM,73605,0.563,3.43,,,,
3966,02/23/10 02:30:00 AM,73632,0.563,3.43,,,,
3967,02/23/10 03:00:00 AM,73619,0.563,3.43,,,,
3968,02/23/10 03:30:00 AM,73660,0.563,3.43,,,,
3969,02/23/10 04:00:00 AM,73673,0.563,3.43,,,,
3970,02/23/10 04:30:00 AM,73701,0.563,3.43,,,,
3971,02/23/10 05:00:00 AM,73714,0.563,3.43,,,,
3972,02/23/10 05:30:00 AM,73769,0.563,3.43,,,,
3973,02/23/10 06:00:00 AM,73783,0.563,3.43,,,,
3974,02/23/10 06:30:00 AM,73838,0.563,3.43,,,,
3975,02/23/10 07:00:00 AM,73865,0.563,3.43,,,,
3976,02/23/10 07:30:00 AM,73906,0.563,3.43,,,,
3977,02/23/10 08:00:00 AM,73933,0.563,3.43,,,,
3978,02/23/10 08:30:00 AM,73947,0.563,3.43,,,,
3979,02/23/10 09:00:00 AM,73961,0.563,3.43,,,,
3980,02/23/10 09:30:00 AM,73974,0.563,3.43,,,,
3981,02/23/10 10:00:00 AM,74029,0.563,3.43,,,,
3982,02/23/10 10:30:00 AM,74043,0.563,3.43,,,,
3983,02/23/10 11:00:00 AM,74084,0.563,3.43,,,,
3984,02/23/10 11:30:00 AM,74084,0.563,3.43,,,,
3985,02/23/10 12:00:00 PM,74084,0.563,3.43,,,,
3986,02/23/10 12:30:00 PM,74057,0.563,3.43,,,,
3987,02/23/10 01:00:00 PM,74029,0.563,3.43,,,,
3988,02/23/10 01:30:00 PM,74002,0.563,3.43,,,,
3989,02/23/10 02:00:00 PM,74016,0.563,3.43,,,,
3990,02/23/10 02:30:00 PM,74029,0.563,3.43,,,,
3991,02/23/10 03:00:00 PM,74043,0.563,3.43,,,,
3992,02/23/10 03:30:00 PM,74043,0.563,3.43,,,,
3993,02/23/10 04:00:00 PM,74057,0.563,3.43,,,,
3994,02/23/10 04:30:00 PM,74057,0.563,3.43,,,,
3995,02/23/10 05:00:00 PM,74084,0.563,3.43,,,,
3996,02/23/10 05:30:00 PM,74084,0.563,3.43,,,,
3997,02/23/10 06:00:00 PM,74125,0.563,3.43,,,,
3998,02/23/10 06:30:00 PM,74139,0.563,3.43,,,,
3999,02/23/10 07:00:00 PM,74152,0.563,3.43,,,,
4000,02/23/10 07:30:00 PM,74152,0.563,3.43,,,,
4001,02/23/10 08:00:00 PM,74152,0.563,3.43,,,,
4002,02/23/10 08:30:00 PM,74152,0.563,3.43,,,,
4003,02/23/10 09:00:00 PM,74166,0.563,3.43,,,,
4004,02/23/10 09:30:00 PM,74207,0.563,3.43,,,,
4005,02/23/10 10:00:00 PM,74221,0.563,3.43,,,,
4006,02/23/10 10:30:00 PM,74235,0.563,3.43,,,,
4007,02/23/10 11:00:00 PM,74235,0.563,3.43,,,,
4008,02/23/10 11:30:00 PM,74262,0.563,3.43,,,,
4009,02/24/10 12:00:00 AM,74248,0.563,3.43,,,,
4010,02/24/10 12:30:00 AM,74235,0.563,3.43,,,,
4011,02/24/10 01:00:00 AM,74248,0.563,3.43,,,,
4012,02/24/10 01:30:00 AM,74262,0.563,3.43,,,,
4013,02/24/10 02:00:00 AM,74262,0.563,3.43,,,,
4014,02/24/10 02:30:00 AM,74248,0.563,3.43,,,,
4015,02/24/10 03:00:00 AM,74207,0.563,3.43,,,,
4016,02/24/10 03:30:00 AM,74194,0.563,3.43,,,,
4017,02/24/10 04:00:00 AM,74180,0.563,3.43,,,,
4018,02/24/10 04:30:00 AM,74180,0.563,3.43,,,,
4019,02/24/10 05:00:00 AM,74180,0.563,3.43,,,,
4020,02/24/10 05:30:00 AM,74194,0.563,3.43,,,,
4021,02/24/10 06:00:00 AM,74194,0.563,3.43,,,,
4022,02/24/10 06:30:00 AM,74194,0.563,3.43,,,,
4023,02/24/10 07:00:00 AM,74194,0.563,3.43,,,,
4024,02/24/10 07:30:00 AM,74207,0.563,3.43,,,,
4025,02/24/10 08:00:00 AM,74221,0.563,3.43,,,,
4026,02/24/10 08:30:00 AM,74221,0.563,3.43,,,,
4027,02/24/10 09:00:00 AM,74194,0.563,3.43,,,,
4028,02/24/10 09:30:00 AM,74180,0.563,3.43,,,,
4029,02/24/10 10:00:00 AM,74166,0.563,3.43,,,,
4030,02/24/10 10:30:00 AM,74152,0.563,3.43,,,,
4031,02/24/10 11:00:00 AM,74125,0.563,3.43,,,,
4032,02/24/10 11:30:00 AM,74111,0.563,3.43,,,,
4033,02/24/10 12:00:00 PM,74070,0.563,3.43,,,,
4034,02/24/10 12:30:00 PM,74084,0.563,3.43,,,,
4035,02/24/10 01:00:00 PM,74016,0.563,3.43,,,,
4036,02/24/10 01:30:00 PM,73974,0.563,3.43,,,,
4037,02/24/10 02:00:00 PM,73961,0.563,3.43,,,,
4038,02/24/10 02:30:00 PM,73933,0.563,3.43,,,,
4039,02/24/10 03:00:00 PM,73961,0.563,3.43,,,,
4040,02/24/10 03:30:00 PM,73933,0.563,3.43,,,,
4041,02/24/10 04:00:00 PM,73933,0.563,3.43,,,,
4042,02/24/10 04:30:00 PM,73906,0.563,3.43,,,,
4043,02/24/10 05:00:00 PM,73865,0.563,3.43,,,,
4044,02/24/10 05:30:00 PM,73838,0.563,3.43,,,,
4045,02/24/10 06:00:00 PM,73824,0.563,3.43,,,,
4046,02/24/10 06:30:00 PM,73810,0.563,3.43,,,,
4047,02/24/10 07:00:00 PM,73797,0.563,3.43,,,,
4048,02/24/10 07:30:00 PM,73810,0.563,3.43,,,,
4049,02/24/10 08:00:00 PM,73824,0.563,3.43,,,,
4050,02/24/10 08:30:00 PM,73797,0.563,3.43,,,,
4051,02/24/10 09:00:00 PM,73783,0.563,3.43,,,,
4052,02/24/10 09:30:00 PM,73769,0.563,3.43,,,,
4053,02/24/10 10:00:00 PM,73728,0.563,3.43,,,,
4054,02/24/10 10:30:00 PM,73701,0.563,3.43,,,,
4055,02/24/10 11:00:00 PM,73673,0.563,3.43,,,,
4056,02/24/10 11:30:00 PM,73632,0.563,3.43,,,,
4057,02/25/10 12:00:00 AM,73619,0.563,3.43,,,,
4058,02/25/10 12:30:00 AM,73605,0.563,3.43,,,,
4059,02/25/10 01:00:00 AM,73605,0.563,3.43,,,,
4060,02/25/10 01:30:00 AM,73591,0.563,3.43,,,,
4061,02/25/10 02:00:00 AM,73564,0.563,3.43,,,,
4062,02/25/10 02:30:00 AM,73564,0.563,3.43,,,,
4063,02/25/10 03:00:00 AM,73509,0.563,3.43,,,,
4064,02/25/10 03:30:00 AM,73495,0.563,3.43,,,,
4065,02/25/10 04:00:00 AM,73482,0.563,3.43,,,,
4066,02/25/10 04:30:00 AM,73454,0.563,3.43,,,,
4067,02/25/10 05:00:00 AM,73482,0.563,3.43,,,,
4068,02/25/10 05:30:00 AM,73482,0.563,3.43,,,,
4069,02/25/10 06:00:00 AM,73482,0.563,3.43,,,,
4070,02/25/10 06:30:00 AM,73468,0.563,3.43,,,,
4071,02/25/10 07:00:00 AM,73509,0.563,3.43,,,,
4072,02/25/10 07:30:00 AM,73536,0.563,3.43,,,,
4073,02/25/10 08:00:00 AM,73523,0.563,3.43,,,,
4074,02/25/10 08:30:00 AM,73550,0.563,3.43,,,,
4075,02/25/10 09:00:00 AM,73536,0.563,3.43,,,,
4076,02/25/10 09:30:00 AM,73550,0.563,3.43,,,,
4077,02/25/10 10:00:00 AM,73564,0.563,3.43,,,,
4078,02/25/10 10:30:00 AM,73591,0.563,3.43,,,,
4079,02/25/10 11:00:00 AM,73578,0.563,3.43,,,,
4080,02/25/10 11:30:00 AM,73578,0.563,3.43,,,,
4081,02/25/10 12:00:00 PM,73564,0.563,3.43,,,,
4082,02/25/10 12:30:00 PM,73564,0.563,3.43,,,,
4083,02/25/10 01:00:00 PM,73550,0.563,3.43,,,,
4084,02/25/10 01:30:00 PM,73550,0.563,3.43,,,,
4085,02/25/10 02:00:00 PM,73550,0.563,3.43,,,,
4086,02/25/10 02:30:00 PM,73536,0.563,3.43,,,,
4087,02/25/10 03:00:00 PM,73564,0.563,3.43,,,,
4088,02/25/10 03:30:00 PM,73591,0.563,3.43,,,,
4089,02/25/10 04:00:00 PM,73605,0.563,3.43,,,,
4090,02/25/10 04:30:00 PM,73632,0.563,3.43,,,,
4091,02/25/10 05:00:00 PM,73660,0.563,3.43,,,,
4092,02/25/10 05:30:00 PM,73701,0.563,3.43,,,,
4093,02/25/10 06:00:00 PM,73755,0.563,3.43,,,,
4094,02/25/10 06:30:00 PM,73769,0.563,3.43,,,,
4095,02/25/10 07:00:00 PM,73810,0.563,3.43,,,,
4096,02/25/10 07:30:00 PM,73851,0.563,3.43,,,,
4097,02/25/10 08:00:00 PM,73865,0.563,3.43,,,,
4098,02/25/10 08:30:00 PM,73892,0.563,3.43,,,,
4099,02/25/10 09:00:00 PM,73920,0.563,3.43,,,,
4100,02/25/10 09:30:00 PM,73920,0.563,3.43,,,,
4101,02/25/10 10:00:00 PM,73906,0.563,3.43,,,,
4102,02/25/10 10:30:00 PM,73906,0.563,3.43,,,,
4103,02/25/10 11:00:00 PM,73933,0.563,3.43,,,,
4104,02/25/10 11:30:00 PM,73947,0.563,3.43,,,,
4105,02/26/10 12:00:00 AM,73988,0.563,3.43,,,,
4106,02/26/10 12:30:00 AM,73988,0.563,3.43,,,,
4107,02/26/10 01:00:00 AM,74016,0.563,3.43,,,,
4108,02/26/10 01:30:00 AM,74002,0.563,3.43,,,,
4109,02/26/10 02:00:00 AM,74016,0.563,3.43,,,,
4110,02/26/10 02:30:00 AM,74029,0.563,3.43,,,,
4111,02/26/10 03:00:00 AM,73988,0.563,3.43,,,,
4112,02/26/10 03:30:00 AM,74002,0.563,3.43,,,,
4113,02/26/10 04:00:00 AM,74016,0.563,3.43,,,,
4114,02/26/10 04:30:00 AM,74057,0.563,3.43,,,,
4115,02/26/10 05:00:00 AM,74084,0.563,3.43,,,,
4116,02/26/10 05:30:00 AM,74098,0.563,3.43,,,,
4117,02/26/10 06:00:00 AM,74125,0.563,3.43,,,,
4118,02/26/10 06:30:00 AM,74125,0.563,3.43,,,,
4119,02/26/10 07:00:00 AM,74152,0.563,3.43,,,,
4120,02/26/10 07:30:00 AM,74194,0.563,3.43,,,,
4121,02/26/10 08:00:00 AM,74262,0.563,3.43,,,,
4122,02/26/10 08:30:00 AM,74276,0.563,3.43,,,,
4123,02/26/10 09:00:00 AM,74289,0.563,3.43,,,,
4124,02/26/10 09:30:00 AM,74303,0.563,3.43,,,,
4125,02/26/10 10:00:00 AM,74303,0.563,3.43,,,,
4126,02/26/10 10:30:00 AM,74317,0.563,3.43,,,,
4127,02/26/10 11:00:00 AM,74330,0.563,3.43,,,,
4128,02/26/10 11:30:00 AM,74317,0.563,3.43,,,,
4129,02/26/10 12:00:00 PM,74289,0.563,3.43,,,,
4130,02/26/10 12:30:00 PM,74248,0.563,3.43,,,,
4131,02/26/10 01:00:00 PM,74248,0.563,3.43,,,,
4132,02/26/10 01:30:00 PM,74235,0.563,3.43,,,,
4133,02/26/10 02:00:00 PM,74235,0.563,3.43,,,,
4134,02/26/10 02:30:00 PM,74235,0.563,3.43,,,,
4135,02/26/10 03:00:00 PM,74262,0.563,3.43,,,,
4136,02/26/10 03:30:00 PM,74248,0.563,3.43,,,,
4137,02/26/10 04:00:00 PM,74248,0.563,3.43,,,,
4138,02/26/10 04:30:00 PM,74248,0.563,3.43,,,,
4139,02/26/10 05:00:00 PM,74262,0.563,3.43,,,,
4140,02/26/10 05:30:00 PM,74276,0.563,3.43,,,,
4141,02/26/10 06:00:00 PM,74276,0.563,3.43,,,,
4142,02/26/10 06:30:00 PM,74317,0.563,3.43,,,,
4143,02/26/10 07:00:00 PM,74303,0.563,3.43,,,,
4144,02/26/10 07:30:00 PM,74330,0.563,3.43,,,,
4145,02/26/10 08:00:00 PM,74358,0.563,3.43,,,,
4146,02/26/10 08:30:00 PM,74344,0.563,3.43,,,,
4147,02/26/10 09:00:00 PM,74344,0.563,3.43,,,,
4148,02/26/10 09:30:00 PM,74358,0.563,3.43,,,,
4149,02/26/10 10:00:00 PM,74358,0.563,3.43,,,,
4150,02/26/10 10:30:00 PM,74344,0.563,3.43,,,,
4151,02/26/10 11:00:00 PM,74330,0.563,3.43,,,,
4152,02/26/10 11:30:00 PM,74303,0.563,3.43,,,,
4153,02/27/10 12:00:00 AM,74303,0.563,3.43,,,,
4154,02/27/10 12:30:00 AM,74289,0.563,3.43,,,,
4155,02/27/10 01:00:00 AM,74248,0.563,3.43,,,,
4156,02/27/10 01:30:00 AM,74207,0.563,3.43,,,,
4157,02/27/10 02:00:00 AM,74180,0.563,3.43,,,,
4158,02/27/10 02:30:00 AM,74152,0.563,3.43,,,,
4159,02/27/10 03:00:00 AM,74125,0.563,3.43,,,,
4160,02/27/10 03:30:00 AM,74070,0.563,3.43,,,,
4161,02/27/10 04:00:00 AM,74070,0.563,3.43,,,,
4162,02/27/10 04:30:00 AM,74043,0.563,3.43,,,,
4163,02/27/10 05:00:00 AM,74016,0.563,3.43,,,,
4164,02/27/10 05:30:00 AM,74016,0.563,3.43,,,,
4165,02/27/10 06:00:00 AM,74029,0.563,3.43,,,,
4166,02/27/10 06:30:00 AM,74016,0.563,3.43,,,,
4167,02/27/10 07:00:00 AM,74002,0.563,3.43,,,,
4168,02/27/10 07:30:00 AM,74029,0.563,3.43,,,,
4169,02/27/10 08:00:00 AM,74029,0.563,3.43,,,,
4170,02/27/10 08:30:00 AM,74070,0.563,3.43,,,,
4171,02/27/10 09:00:00 AM,74070,0.563,3.43,,,,
4172,02/27/10 09:30:00 AM,74070,0.563,3.43,,,,
4173,02/27/10 10:00:00 AM,74043,0.563,3.43,,,,
4174,02/27/10 10:30:00 AM,74029,0.563,3.43,,,,
4175,02/27/10 11:00:00 AM,73947,0.563,3.43,,,,
4176,02/27/10 11:30:00 AM,73961,0.563,3.43,,,,
4177,02/27/10 12:00:00 PM,73933,0.563,3.43,,,,
4178,02/27/10 12:30:00 PM,73865,0.563,3.43,,,,
4179,02/27/10 01:00:00 PM,73810,0.563,3.43,,,,
4180,02/27/10 01:30:00 PM,73755,0.563,3.43,,,,
4181,02/27/10 02:00:00 PM,73701,0.563,3.43,,,,
4182,02/27/10 02:30:00 PM,73714,0.563,3.43,,,,
4183,02/27/10 03:00:00 PM,73687,0.563,3.43,,,,
4184,02/27/10 03:30:00 PM,73660,0.563,3.43,,,,
4185,02/27/10 04:00:00 PM,73660,0.563,3.43,,,,
4186,02/27/10 04:30:00 PM,73660,0.563,3.43,,,,
4187,02/27/10 05:00:00 PM,73673,0.563,3.43,,,,
4188,02/27/10 05:30:00 PM,73646,0.563,3.43,,,,
4189,02/27/10 06:00:00 PM,73605,0.563,3.43,,,,
4190,02/27/10 06:30:00 PM,73605,0.563,3.43,,,,
4191,02/27/10 07:00:00 PM,73578,0.563,3.43,,,,
4192,02/27/10 07:30:00 PM,73578,0.563,3.43,,,,
4193,02/27/10 08:00:00 PM,73591,0.563,3.43,,,,
4194,02/27/10 08:30:00 PM,73578,0.563,3.43,,,,
4195,02/27/10 09:00:00 PM,73523,0.563,3.43,,,,
4196,02/27/10 09:30:00 PM,73509,0.563,3.43,,,,
4197,02/27/10 10:00:00 PM,73454,0.563,3.43,,,,
4198,02/27/10 10:30:00 PM,73427,0.563,3.43,,,,
4199,02/27/10 11:00:00 PM,73468,0.563,3.43,,,,
4200,02/27/10 11:30:00 PM,73454,0.563,3.43,,,,
4201,02/28/10 12:00:00 AM,73413,0.563,3.43,,,,
4202,02/28/10 12:30:00 AM,73400,0.563,3.43,,,,
4203,02/28/10 01:00:00 AM,73372,0.563,3.43,,,,
4204,02/28/10 01:30:00 AM,73345,0.563,3.43,,,,
4205,02/28/10 02:00:00 AM,73317,0.563,3.43,,,,
4206,02/28/10 02:30:00 AM,73276,0.563,3.43,,,,
4207,02/28/10 03:00:00 AM,73249,0.563,3.43,,,,
4208,02/28/10 03:30:00 AM,73222,0.563,3.43,,,,
4209,02/28/10 04:00:00 AM,73181,0.563,3.43,,,,
4210,02/28/10 04:30:00 AM,73140,0.563,3.43,,,,
4211,02/28/10 05:00:00 AM,73126,0.563,3.43,,,,
4212,02/28/10 05:30:00 AM,73126,0.563,3.43,,,,
4213,02/28/10 06:00:00 AM,73112,0.563,3.43,,,,
4214,02/28/10 06:30:00 AM,73098,0.563,3.43,,,,
4215,02/28/10 07:00:00 AM,73085,0.563,3.43,,,,
4216,02/28/10 07:30:00 AM,73085,0.563,3.43,,,,
4217,02/28/10 08:00:00 AM,73085,0.563,3.43,,,,
4218,02/28/10 08:30:00 AM,73071,0.563,3.43,,,,
4219,02/28/10 09:00:00 AM,73057,0.563,3.43,,,,
4220,02/28/10 09:30:00 AM,73057,0.563,3.43,,,,
4221,02/28/10 10:00:00 AM,73071,0.563,3.43,,,,
4222,02/28/10 10:30:00 AM,73030,0.563,3.43,,,,
4223,02/28/10 11:00:00 AM,73030,0.563,3.43,,,,
4224,02/28/10 11:30:00 AM,73003,0.563,3.43,,,,
4225,02/28/10 12:00:00 PM,72975,0.563,3.43,,,,
4226,02/28/10 12:30:00 PM,72962,0.563,3.43,,,,
4227,02/28/10 01:00:00 PM,72934,0.563,3.43,,,,
4228,02/28/10 01:30:00 PM,72934,0.563,3.43,,,,
4229,02/28/10 02:00:00 PM,72962,0.563,3.43,,,,
4230,02/28/10 02:30:00 PM,72989,0.563,3.43,,,,
4231,02/28/10 03:00:00 PM,73016,0.563,3.43,,,,
4232,02/28/10 03:30:00 PM,73057,0.563,3.43,,,,
4233,02/28/10 04:00:00 PM,73085,0.563,3.43,,,,
4234,02/28/10 04:30:00 PM,73057,0.563,3.43,,,,
4235,02/28/10 05:00:00 PM,73098,0.563,3.43,,,,
4236,02/28/10 05:30:00 PM,73112,0.563,3.43,,,,
4237,02/28/10 06:00:00 PM,73153,0.563,3.43,,,,
4238,02/28/10 06:30:00 PM,73194,0.563,3.43,,,,
4239,02/28/10 07:00:00 PM,73222,0.563,3.43,,,,
4240,02/28/10 07:30:00 PM,73263,0.563,3.43,,,,
4241,02/28/10 08:00:00 PM,73290,0.563,3.43,,,,
4242,02/28/10 08:30:00 PM,73317,0.563,3.43,,,,
4243,02/28/10 09:00:00 PM,73372,0.563,3.43,,,,
4244,02/28/10 09:30:00 PM,73400,0.563,3.43,,,,
4245,02/28/10 10:00:00 PM,73413,0.563,3.43,,,,
4246,02/28/10 10:30:00 PM,73441,0.563,3.43,,,,
4247,02/28/10 11:00:00 PM,73454,0.563,3.43,,,,
4248,02/28/10 11:30:00 PM,73495,0.563,3.43,,,,
4249,03/01/10 12:00:00 AM,73509,0.563,3.43,,,,
4250,03/01/10 12:30:00 AM,73523,0.563,3.43,,,,
4251,03/01/10 01:00:00 AM,73550,0.563,3.43,,,,
4252,03/01/10 01:30:00 AM,73591,0.563,3.43,,,,
4253,03/01/10 02:00:00 AM,73591,0.563,3.43,,,,
4254,03/01/10 02:30:00 AM,73619,0.563,3.43,,,,
4255,03/01/10 03:00:00 AM,73605,0.563,3.43,,,,
4256,03/01/10 03:30:00 AM,73619,0.563,3.43,,,,
4257,03/01/10 04:00:00 AM,73646,0.563,3.43,,,,
4258,03/01/10 04:30:00 AM,73673,0.563,3.43,,,,
4259,03/01/10 05:00:00 AM,73701,0.563,3.43,,,,
4260,03/01/10 05:30:00 AM,73742,0.563,3.43,,,,
4261,03/01/10 06:00:00 AM,73783,0.563,3.43,,,,
4262,03/01/10 06:30:00 AM,73810,0.563,3.43,,,,
4263,03/01/10 07:00:00 AM,73838,0.563,3.43,,,,
4264,03/01/10 07:30:00 AM,73865,0.563,3.43,,,,
4265,03/01/10 08:00:00 AM,73906,0.563,3.43,,,,
4266,03/01/10 08:30:00 AM,73947,0.563,3.43,,,,
4267,03/01/10 09:00:00 AM,73974,0.563,3.43,,,,
4268,03/01/10 09:30:00 AM,74002,0.563,3.43,,,,
4269,03/01/10 10:00:00 AM,74029,0.563,3.43,,,,
4270,03/01/10 10:30:00 AM,74043,0.563,3.43,,,,
4271,03/01/10 11:00:00 AM,74057,0.563,3.43,,,,
4272,03/01/10 11:30:00 AM,74084,0.563,3.43,,,,
4273,03/01/10 12:00:00 PM,74070,0.563,3.43,,,,
4274,03/01/10 12:30:00 PM,74070,0.563,3.43,,,,
4275,03/01/10 01:00:00 PM,74043,0.563,3.43,,,,
4276,03/01/10 01:30:00 PM,74043,0.563,3.43,,,,
4277,03/01/10 02:00:00 PM,74043,0.563,3.43,,,,
4278,03/01/10 02:30:00 PM,74070,0.563,3.43,,,,
4279,03/01/10 03:00:00 PM,74084,0.563,3.43,,,,
4280,03/01/10 03:30:00 PM,74098,0.563,3.43,,,,
4281,03/01/10 04:00:00 PM,74084,0.563,3.43,,,,
4282,03/01/10 04:30:00 PM,74111,0.563,3.43,,,,
4283,03/01/10 05:00:00 PM,74139,0.563,3.43,,,,
4284,03/01/10 05:30:00 PM,74166,0.563,3.43,,,,
4285,03/01/10 06:00:00 PM,74180,0.563,3.43,,,,
4286,03/01/10 06:30:00 PM,74194,0.563,3.43,,,,
4287,03/01/10 07:00:00 PM,74194,0.563,3.43,,,,
4288,03/01/10 07:30:00 PM,74207,0.563,3.43,,,,
4289,03/01/10 08:00:00 PM,74248,0.563,3.43,,,,
4290,03/01/10 08:30:00 PM,74262,0.563,3.43,,,,
4291,03/01/10 09:00:00 PM,74276,0.563,3.43,,,,
4292,03/01/10 09:30:00 PM,74289,0.563,3.43,,,,
4293,03/01/10 10:00:00 PM,74276,0.563,3.43,,,,
4294,03/01/10 10:30:00 PM,74289,0.563,3.43,,,,
4295,03/01/10 11:00:00 PM,74262,0.563,3.43,,,,
4296,03/01/10 11:30:00 PM,74262,0.563,3.43,,,,
4297,03/02/10 12:00:00 AM,74276,0.563,3.43,,,,
4298,03/02/10 12:30:00 AM,74276,0.563,3.43,,,,
4299,03/02/10 01:00:00 AM,74289,0.563,3.43,,,,
4300,03/02/10 01:30:00 AM,74262,0.563,3.43,,,,
4301,03/02/10 02:00:00 AM,74262,0.563,3.43,,,,
4302,03/02/10 02:30:00 AM,74262,0.563,3.43,,,,
4303,03/02/10 03:00:00 AM,74248,0.563,3.43,,,,
4304,03/02/10 03:30:00 AM,74248,0.563,3.43,,,,
4305,03/02/10 04:00:00 AM,74248,0.563,3.43,,,,
4306,03/02/10 04:30:00 AM,74235,0.563,3.43,,,,
4307,03/02/10 05:00:00 AM,74221,0.563,3.43,,,,
4308,03/02/10 05:30:00 AM,74235,0.563,3.43,,,,
4309,03/02/10 06:00:00 AM,74248,0.563,3.43,,,,
4310,03/02/10 06:30:00 AM,74248,0.563,3.43,,,,
4311,03/02/10 07:00:00 AM,74221,0.563,3.43,,,,
4312,03/02/10 07:30:00 AM,74221,0.563,3.43,,,,
4313,03/02/10 08:00:00 AM,74262,0.563,3.43,,,,
4314,03/02/10 08:30:00 AM,74262,0.563,3.43,,,,
4315,03/02/10 09:00:00 AM,74262,0.563,3.43,,,,
4316,03/02/10 09:30:00 AM,74276,0.563,3.43,,,,
4317,03/02/10 10:00:00 AM,74262,0.563,3.43,,,,
4318,03/02/10 10:30:00 AM,74248,0.563,3.43,,,,
4319,03/02/10 11:00:00 AM,74235,0.563,3.43,,,,
4320,03/02/10 11:30:00 AM,74221,0.563,3.43,,,,
4321,03/02/10 12:00:00 PM,74207,0.563,3.43,,,,
4322,03/02/10 12:30:00 PM,74152,0.563,3.43,,,,
4323,03/02/10 01:00:00 PM,74152,0.563,3.43,,,,
4324,03/02/10 01:30:00 PM,74111,0.563,3.43,,,,
4325,03/02/10 02:00:00 PM,74098,0.563,3.43,,,,
4326,03/02/10 02:30:00 PM,74098,0.563,3.43,,,,
4327,03/02/10 03:00:00 PM,74084,0.563,3.43,,,,
4328,03/02/10 03:30:00 PM,74070,0.563,3.43,,,,
4329,03/02/10 04:00:00 PM,74057,0.563,3.43,,,,
4330,03/02/10 04:30:00 PM,74029,0.563,3.43,,,,
4331,03/02/10 05:00:00 PM,74029,0.563,3.43,,,,
4332,03/02/10 05:30:00 PM,74057,0.563,3.43,,,,
4333,03/02/10 06:00:00 PM,74057,0.563,3.43,,,,
4334,03/02/10 06:30:00 PM,74070,0.563,3.43,,,,
4335,03/02/10 07:00:00 PM,74098,0.563,3.43,,,,
4336,03/02/10 07:30:00 PM,74098,0.563,3.43,,,,
4337,03/02/10 08:00:00 PM,74111,0.563,3.43,,,,
4338,03/02/10 08:30:00 PM,74084,0.563,3.43,,,,
4339,03/02/10 09:00:00 PM,74084,0.563,3.43,,,,
4340,03/02/10 09:30:00 PM,74084,0.563,3.43,,,,
4341,03/02/10 10:00:00 PM,74098,0.563,3.43,,,,
4342,03/02/10 10:30:00 PM,74098,0.563,3.43,,,,
4343,03/02/10 11:00:00 PM,74084,0.563,3.43,,,,
4344,03/02/10 11:30:00 PM,74084,0.563,3.43,,,,
4345,03/03/10 12:00:00 AM,74070,0.563,3.43,,,,
4346,03/03/10 12:30:00 AM,74070,0.563,3.43,,,,
4347,03/03/10 01:00:00 AM,74057,0.563,3.43,,,,
4348,03/03/10 01:30:00 AM,74043,0.563,3.43,,,,
4349,03/03/10 02:00:00 AM,74029,0.563,3.43,,,,
4350,03/03/10 02:30:00 AM,73988,0.563,3.43,,,,
4351,03/03/10 03:00:00 AM,74002,0.563,3.43,,,,
4352,03/03/10 03:30:00 AM,73974,0.563,3.43,,,,
4353,03/03/10 04:00:00 AM,73961,0.563,3.43,,,,
4354,03/03/10 04:30:00 AM,73961,0.563,3.43,,,,
4355,03/03/10 05:00:00 AM,73961,0.563,3.43,,,,
4356,03/03/10 05:30:00 AM,73961,0.563,3.43,,,,
4357,03/03/10 06:00:00 AM,73988,0.563,3.43,,,,
4358,03/03/10 06:30:00 AM,73988,0.563,3.43,,,,
4359,03/03/10 07:00:00 AM,73988,0.563,3.43,,,,
4360,03/03/10 07:30:00 AM,74016,0.563,3.43,,,,
4361,03/03/10 08:00:00 AM,74016,0.563,3.43,,,,
4362,03/03/10 08:30:00 AM,74029,0.563,3.43,,,,
4363,03/03/10 09:00:00 AM,74029,0.563,3.43,,,,
4364,03/03/10 09:30:00 AM,74043,0.563,3.43,,,,
4365,03/03/10 10:00:00 AM,74043,0.563,3.43,,,,
4366,03/03/10 10:30:00 AM,74029,0.563,3.43,,,,
4367,03/03/10 11:00:00 AM,74016,0.563,3.43,,,,
4368,03/03/10 11:30:00 AM,74002,0.563,3.43,,,,
4369,03/03/10 12:00:00 PM,73974,0.563,3.43,,,,
4370,03/03/10 12:30:00 PM,73961,0.563,3.43,,,,
4371,03/03/10 01:00:00 PM,73933,0.563,3.43,,,,
4372,03/03/10 01:30:00 PM,73892,0.563,3.43,,,,
4373,03/03/10 02:00:00 PM,73906,0.563,3.43,,,,
4374,03/03/10 02:30:00 PM,73892,0.563,3.43,,,,
4375,03/03/10 03:00:00 PM,73933,0.563,3.43,,,,
4376,03/03/10 03:30:00 PM,73961,0.563,3.43,,,,
4377,03/03/10 04:00:00 PM,73947,0.563,3.43,,,,
4378,03/03/10 04:30:00 PM,73961,0.563,3.43,,,,
4379,03/03/10 05:00:00 PM,73961,0.563,3.43,,,,
4380,03/03/10 05:30:00 PM,73961,0.563,3.43,,,,
4381,03/03/10 06:00:00 PM,73961,0.563,3.43,,,,
4382,03/03/10 06:30:00 PM,73974,0.563,3.43,,,,
4383,03/03/10 07:00:00 PM,74002,0.563,3.43,,,,
4384,03/03/10 07:30:00 PM,74016,0.563,3.43,,,,
4385,03/03/10 08:00:00 PM,74016,0.563,3.43,,,,
4386,03/03/10 08:30:00 PM,74043,0.563,3.43,,,,
4387,03/03/10 09:00:00 PM,74029,0.563,3.43,,,,
4388,03/03/10 09:30:00 PM,74029,0.563,3.43,,,,
4389,03/03/10 10:00:00 PM,74029,0.563,3.43,,,,
4390,03/03/10 10:30:00 PM,74016,0.563,3.43,,,,
4391,03/03/10 11:00:00 PM,74002,0.563,3.43,,,,
4392,03/03/10 11:30:00 PM,73988,0.563,3.43,,,,
4393,03/04/10 12:00:00 AM,73988,0.563,3.43,,,,
4394,03/04/10 12:30:00 AM,73974,0.563,3.43,,,,
4395,03/04/10 01:00:00 AM,73974,0.563,3.43,,,,
4396,03/04/10 01:30:00 AM,73974,0.563,3.43,,,,
4397,03/04/10 02:00:00 AM,73947,0.563,3.43,,,,
4398,03/04/10 02:30:00 AM,73920,0.563,3.43,,,,
4399,03/04/10 03:00:00 AM,73892,0.563,3.43,,,,
4400,03/04/10 03:30:00 AM,73906,0.563,3.43,,,,
4401,03/04/10 04:00:00 AM,73892,0.563,3.43,,,,
4402,03/04/10 04:30:00 AM,73906,0.563,3.43,,,,
4403,03/04/10 05:00:00 AM,73906,0.563,3.43,,,,
4404,03/04/10 05:30:00 AM,73906,0.563,3.43,,,,
4405,03/04/10 06:00:00 AM,73906,0.563,3.43,,,,
4406,03/04/10 06:30:00 AM,73906,0.563,3.43,,,,
4407,03/04/10 07:00:00 AM,73906,0.563,3.43,,,,
4408,03/04/10 07:30:00 AM,73933,0.563,3.43,,,,
4409,03/04/10 08:00:00 AM,73933,0.563,3.43,,,,
4410,03/04/10 08:30:00 AM,73920,0.563,3.43,,,,
4411,03/04/10 09:00:00 AM,73906,0.563,3.43,,,,
4412,03/04/10 09:30:00 AM,73879,0.563,3.43,,,,
4413,03/04/10 10:00:00 AM,73865,0.563,3.43,,,,
4414,03/04/10 10:30:00 AM,73838,0.563,3.43,,,,
4415,03/04/10 11:00:00 AM,73810,0.563,3.43,,,,
4416,03/04/10 11:30:00 AM,73797,0.563,3.43,,,,
4417,03/04/10 12:00:00 PM,73797,0.563,3.43,,,,
4418,03/04/10 12:30:00 PM,73769,0.563,3.43,,,,
4419,03/04/10 01:00:00 PM,73742,0.563,3.43,,,,
4420,03/04/10 01:30:00 PM,73714,0.563,3.43,,,,
4421,03/04/10 02:00:00 PM,73701,0.563,3.43,,,,
4422,03/04/10 02:30:00 PM,73701,0.563,3.43,,,,
4423,03/04/10 03:00:00 PM,73714,0.563,3.43,,,,
4424,03/04/10 03:30:00 PM,73701,0.563,3.43,,,,
4425,03/04/10 04:00:00 PM,73687,0.563,3.43,,,,
4426,03/04/10 04:30:00 PM,73701,0.563,3.43,,,,
4427,03/04/10 05:00:00 PM,73660,0.563,3.43,,,,
4428,03/04/10 05:30:00 PM,73673,0.563,3.43,,,,
4429,03/04/10 06:00:00 PM,73673,0.563,3.43,,,,
4430,03/04/10 06:30:00 PM,73673,0.563,3.43,,,,
4431,03/04/10 07:00:00 PM,73673,0.563,3.43,,,,
4432,03/04/10 07:30:00 PM,73673,0.563,3.43,,,,
4433,03/04/10 08:00:00 PM,73687,0.563,3.43,,,,
4434,03/04/10 08:30:00 PM,73660,0.563,3.43,,,,
4435,03/04/10 09:00:00 PM,73673,0.563,3.43,,,,
4436,03/04/10 09:30:00 PM,73646,0.563,3.43,,,,
4437,03/04/10 10:00:00 PM,73646,0.563,3.43,,,,
4438,03/04/10 10:30:00 PM,73660,0.563,3.43,,,,
4439,03/04/10 11:00:00 PM,73660,0.563,3.43,,,,
4440,03/04/10 11:30:00 PM,73660,0.563,3.43,,,,
4441,03/05/10 12:00:00 AM,73701,0.563,3.43,,,,
4442,03/05/10 12:30:00 AM,73701,0.563,3.43,,,,
4443,03/05/10 01:00:00 AM,73701,0.563,3.43,,,,
4444,03/05/10 01:30:00 AM,73714,0.563,3.43,,,,
4445,03/05/10 02:00:00 AM,73701,0.563,3.43,,,,
4446,03/05/10 02:30:00 AM,73687,0.563,3.43,,,,
4447,03/05/10 03:00:00 AM,73660,0.563,3.43,,,,
4448,03/05/10 03:30:00 AM,73687,0.563,3.43,,,,
4449,03/05/10 04:00:00 AM,73673,0.563,3.43,,,,
4450,03/05/10 04:30:00 AM,73660,0.563,3.43,,,,
4451,03/05/10 05:00:00 AM,73673,0.563,3.43,,,,
4452,03/05/10 05:30:00 AM,73673,0.563,3.43,,,,
4453,03/05/10 06:00:00 AM,73673,0.563,3.43,,,,
4454,03/05/10 06:30:00 AM,73687,0.563,3.43,,,,
4455,03/05/10 07:00:00 AM,73714,0.563,3.43,,,,
4456,03/05/10 07:30:00 AM,73728,0.563,3.43,,,,
4457,03/05/10 08:00:00 AM,73769,0.563,3.43,,,,
4458,03/05/10 08:30:00 AM,73810,0.563,3.43,,,,
4459,03/05/10 09:00:00 AM,73838,0.563,3.43,,,,
4460,03/05/10 09:30:00 AM,73824,0.563,3.43,,,,
4461,03/05/10 10:00:00 AM,73838,0.563,3.43,,,,
4462,03/05/10 10:30:00 AM,73851,0.563,3.43,,,,
4463,03/05/10 11:00:00 AM,73838,0.563,3.43,,,,
4464,03/05/10 11:30:00 AM,73824,0.563,3.43,,,,
4465,03/05/10 12:00:00 PM,73824,0.563,3.43,,,,
4466,03/05/10 12:30:00 PM,73810,0.563,3.43,,,,
4467,03/05/10 01:00:00 PM,73851,0.563,3.43,,,,
4468,03/05/10 01:30:00 PM,73824,0.563,3.43,,,,
4469,03/05/10 02:00:00 PM,73838,0.563,3.43,,,,
4470,03/05/10 02:30:00 PM,73865,0.563,3.43,,,,
4471,03/05/10 03:00:00 PM,73879,0.563,3.43,,,,
4472,03/05/10 03:30:00 PM,73892,0.563,3.43,,,,
4473,03/05/10 04:00:00 PM,73920,0.563,3.43,,,,
4474,03/05/10 04:30:00 PM,73947,0.563,3.43,,,,
4475,03/05/10 05:00:00 PM,73974,0.563,3.43,,,,
4476,03/05/10 05:30:00 PM,74002,0.563,3.43,,,,
4477,03/05/10 06:00:00 PM,74029,0.563,3.43,,,,
4478,03/05/10 06:30:00 PM,74043,0.563,3.43,,,,
4479,03/05/10 07:00:00 PM,74070,0.563,3.43,,,,
4480,03/05/10 07:30:00 PM,74111,0.563,3.43,,,,
4481,03/05/10 08:00:00 PM,74166,0.563,3.43,,,,
4482,03/05/10 08:30:00 PM,74166,0.563,3.43,,,,
4483,03/05/10 09:00:00 PM,74194,0.563,3.43,,,,
4484,03/05/10 09:30:00 PM,74221,0.563,3.43,,,,
4485,03/05/10 10:00:00 PM,74207,0.563,3.43,,,,
4486,03/05/10 10:30:00 PM,74207,0.563,3.43,,,,
4487,03/05/10 11:00:00 PM,74221,0.563,3.43,,,,
4488,03/05/10 11:30:00 PM,74207,0.563,3.43,,,,
4489,03/06/10 12:00:00 AM,74207,0.563,3.43,,,,
4490,03/06/10 12:30:00 AM,74207,0.563,3.43,,,,
4491,03/06/10 01:00:00 AM,74221,0.563,3.43,,,,
4492,03/06/10 01:30:00 AM,74194,0.563,3.43,,,,
4493,03/06/10 02:00:00 AM,74194,0.563,3.43,,,,
4494,03/06/10 02:30:00 AM,74180,0.563,3.43,,,,
4495,03/06/10 03:00:00 AM,74166,0.563,3.43,,,,
4496,03/06/10 03:30:00 AM,74194,0.563,3.43,,,,
4497,03/06/10 04:00:00 AM,74207,0.563,3.43,,,,
4498,03/06/10 04:30:00 AM,74194,0.563,3.43,,,,
4499,03/06/10 05:00:00 AM,74221,0.563,3.43,,,,
4500,03/06/10 05:30:00 AM,74235,0.563,3.43,,,,
4501,03/06/10 06:00:00 AM,74262,0.563,3.43,,,,
4502,03/06/10 06:30:00 AM,74235,0.563,3.43,,,,
4503,03/06/10 07:00:00 AM,74221,0.563,3.43,,,,
4504,03/06/10 07:30:00 AM,74248,0.563,3.43,,,,
4505,03/06/10 08:00:00 AM,74276,0.563,3.43,,,,
4506,03/06/10 08:30:00 AM,74289,0.563,3.43,,,,
4507,03/06/10 09:00:00 AM,74235,0.563,3.43,,,,
4508,03/06/10 09:30:00 AM,74248,0.563,3.43,,,,
4509,03/06/10 10:00:00 AM,74235,0.563,3.43,,,,
4510,03/06/10 10:30:00 AM,74248,0.563,3.43,,,,
4511,03/06/10 11:00:00 AM,74248,0.563,3.43,,,,
4512,03/06/10 11:30:00 AM,74207,0.563,3.43,,,,
4513,03/06/10 12:00:00 PM,74180,0.563,3.43,,,,
4514,03/06/10 12:30:00 PM,74152,0.563,3.43,,,,
4515,03/06/10 01:00:00 PM,74152,0.563,3.43,,,,
4516,03/06/10 01:30:00 PM,74139,0.563,3.43,,,,
4517,03/06/10 02:00:00 PM,74111,0.563,3.43,,,,
4518,03/06/10 02:30:00 PM,74125,0.563,3.43,,,,
4519,03/06/10 03:00:00 PM,74111,0.563,3.43,,,,
4520,03/06/10 03:30:00 PM,74098,0.563,3.43,,,,
4521,03/06/10 04:00:00 PM,74070,0.563,3.43,,,,
4522,03/06/10 04:30:00 PM,74057,0.563,3.43,,,,
4523,03/06/10 05:00:00 PM,74029,0.563,3.43,,,,
4524,03/06/10 05:30:00 PM,74016,0.563,3.43,,,,
4525,03/06/10 06:00:00 PM,74029,0.563,3.43,,,,
4526,03/06/10 06:30:00 PM,74043,0.563,3.43,,,,
4527,03/06/10 07:00:00 PM,74070,0.563,3.43,,,,
4528,03/06/10 07:30:00 PM,74084,0.563,3.43,,,,
4529,03/06/10 08:00:00 PM,74057,0.563,3.43,,,,
4530,03/06/10 08:30:00 PM,74084,0.563,3.43,,,,
4531,03/06/10 09:00:00 PM,74084,0.563,3.43,,,,
4532,03/06/10 09:30:00 PM,74084,0.563,3.43,,,,
4533,03/06/10 10:00:00 PM,74098,0.563,3.43,,,,
4534,03/06/10 10:30:00 PM,74111,0.563,3.43,,,,
4535,03/06/10 11:00:00 PM,74070,0.563,3.43,,,,
4536,03/06/10 11:30:00 PM,74043,0.563,3.43,,,,
4537,03/07/10 12:00:00 AM,74043,0.563,3.43,,,,
4538,03/07/10 12:30:00 AM,74029,0.563,3.43,,,,
4539,03/07/10 01:00:00 AM,74029,0.563,3.43,,,,
4540,03/07/10 01:30:00 AM,74002,0.563,3.43,,,,
4541,03/07/10 02:00:00 AM,73988,0.563,3.43,,,,
4542,03/07/10 02:30:00 AM,73961,0.563,3.43,,,,
4543,03/07/10 03:00:00 AM,73961,0.563,3.43,,,,
4544,03/07/10 03:30:00 AM,73947,0.563,3.43,,,,
4545,03/07/10 04:00:00 AM,73933,0.563,3.43,,,,
4546,03/07/10 04:30:00 AM,73906,0.563,3.43,,,,
4547,03/07/10 05:00:00 AM,73920,0.563,3.43,,,,
4548,03/07/10 05:30:00 AM,73920,0.563,3.43,,,,
4549,03/07/10 06:00:00 AM,73906,0.563,3.43,,,,
4550,03/07/10 06:30:00 AM,73879,0.563,3.43,,,,
4551,03/07/10 07:00:00 AM,73906,0.563,3.43,,,,
4552,03/07/10 07:30:00 AM,73920,0.563,3.43,,,,
4553,03/07/10 08:00:00 AM,73906,0.563,3.43,,,,
4554,03/07/10 08:30:00 AM,73920,0.563,3.43,,,,
4555,03/07/10 09:00:00 AM,73892,0.563,3.43,,,,
4556,03/07/10 09:30:00 AM,73920,0.563,3.43,,,,
4557,03/07/10 10:00:00 AM,73892,0.563,3.43,,,,
4558,03/07/10 10:30:00 AM,73906,0.563,3.43,,,,
4559,03/07/10 11:00:00 AM,73892,0.563,3.43,,,,
4560,03/07/10 11:30:00 AM,73865,0.563,3.43,,,,
4561,03/07/10 12:00:00 PM,73851,0.563,3.43,,,,
4562,03/07/10 12:30:00 PM,73810,0.563,3.43,,,,
4563,03/07/10 01:00:00 PM,73783,0.563,3.43,,,,
4564,03/07/10 01:30:00 PM,73783,0.563,3.43,,,,
4565,03/07/10 02:00:00 PM,73728,0.563,3.43,,,,
4566,03/07/10 02:30:00 PM,73728,0.563,3.43,,,,
4567,03/07/10 03:00:00 PM,73728,0.563,3.43,,,,
4568,03/07/10 03:30:00 PM,73701,0.563,3.43,,,,
4569,03/07/10 04:00:00 PM,73660,0.563,3.43,,,,
4570,03/07/10 04:30:00 PM,73646,0.563,3.43,,,,
4571,03/07/10 05:00:00 PM,73605,0.563,3.43,,,,
4572,03/07/10 05:30:00 PM,73578,0.563,3.43,,,,
4573,03/07/10 06:00:00 PM,73591,0.563,3.43,,,,
4574,03/07/10 06:30:00 PM,73564,0.563,3.43,,,,
4575,03/07/10 07:00:00 PM,73550,0.563,3.43,,,,
4576,03/07/10 07:30:00 PM,73523,0.563,3.43,,,,
4577,03/07/10 08:00:00 PM,73523,0.563,3.43,,,,
4578,03/07/10 08:30:00 PM,73468,0.563,3.43,,,,
4579,03/07/10 09:00:00 PM,73536,0.563,3.43,,,,
4580,03/07/10 09:30:00 PM,73495,0.563,3.43,,,,
4581,03/07/10 10:00:00 PM,73413,0.563,3.43,,,,
4582,03/07/10 10:30:00 PM,73495,0.563,3.43,,,,
4583,03/07/10 11:00:00 PM,73441,0.563,3.43,,,,
4584,03/07/10 11:30:00 PM,73454,0.563,3.43,,,,
4585,03/08/10 12:00:00 AM,73454,0.563,3.43,,,,
4586,03/08/10 12:30:00 AM,73441,0.563,3.43,,,,
4587,03/08/10 01:00:00 AM,73441,0.563,3.43,,,,
4588,03/08/10 01:30:00 AM,73454,0.563,3.43,,,,
4589,03/08/10 02:00:00 AM,73400,0.563,3.43,,,,
4590,03/08/10 02:30:00 AM,73413,0.563,3.43,,,,
4591,03/08/10 03:00:00 AM,73372,0.563,3.43,,,,
4592,03/08/10 03:30:00 AM,73345,0.563,3.43,,,,
4593,03/08/10 04:00:00 AM,73317,0.563,3.43,,,,
4594,03/08/10 04:30:00 AM,73290,0.563,3.43,,,,
4595,03/08/10 05:00:00 AM,73276,0.563,3.43,,,,
4596,03/08/10 05:30:00 AM,73276,0.563,3.43,,,,
4597,03/08/10 06:00:00 AM,73304,0.563,3.43,,,,
4598,03/08/10 06:30:00 AM,73276,0.563,3.43,,,,
4599,03/08/10 07:00:00 AM,73290,0.563,3.43,,,,
4600,03/08/10 07:30:00 AM,73263,0.563,3.43,,,,
4601,03/08/10 08:00:00 AM,73263,0.563,3.43,,,,
4602,03/08/10 08:30:00 AM,73249,0.563,3.43,,,,
4603,03/08/10 09:00:00 AM,73263,0.563,3.43,,,,
4604,03/08/10 09:30:00 AM,73235,0.563,3.43,,,,
4605,03/08/10 10:00:00 AM,73222,0.563,3.43,,,,
4606,03/08/10 10:30:00 AM,73222,0.563,3.43,,,,
4607,03/08/10 11:00:00 AM,73208,0.563,3.43,,,,
4608,03/08/10 11:30:00 AM,73194,0.563,3.43,,,,
4609,03/08/10 12:00:00 PM,73181,0.563,3.43,,,,
4610,03/08/10 12:30:00 PM,73194,0.563,3.43,,,,
4611,03/08/10 01:00:00 PM,73181,0.563,3.43,,,,
4612,03/08/10 01:30:00 PM,73153,0.563,3.43,,,,
4613,03/08/10 02:00:00 PM,73153,0.563,3.43,,,,
4614,03/08/10 02:30:00 PM,73153,0.563,3.43,,,,
4615,03/08/10 03:00:00 PM,73167,0.563,3.43,,,,
4616,03/08/10 03:30:00 PM,73167,0.563,3.43,,,,
4617,03/08/10 04:00:00 PM,73208,0.563,3.43,,,,
4618,03/08/10 04:30:00 PM,73208,0.563,3.43,,,,
4619,03/08/10 05:00:00 PM,73222,0.563,3.43,,,,
4620,03/08/10 05:30:00 PM,73208,0.563,3.43,,,,
4621,03/08/10 06:00:00 PM,73249,0.563,3.43,,,,
4622,03/08/10 06:30:00 PM,73249,0.563,3.43,,,,
4623,03/08/10 07:00:00 PM,73290,0.563,3.43,,,,
4624,03/08/10 07:30:00 PM,73331,0.563,3.43,,,,
4625,03/08/10 08:00:00 PM,73359,0.563,3.43,,,,
4626,03/08/10 08:30:00 PM,73331,0.563,3.43,,,,
4627,03/08/10 09:00:00 PM,73345,0.563,3.43,,,,
4628,03/08/10 09:30:00 PM,73359,0.563,3.43,,,,
4629,03/08/10 10:00:00 PM,73345,0.563,3.43,,,,
4630,03/08/10 10:30:00 PM,73372,0.563,3.43,,,,
4631,03/08/10 11:00:00 PM,73372,0.563,3.43,,,,
4632,03/08/10 11:30:00 PM,73372,0.563,3.43,,,,
4633,03/09/10 12:00:00 AM,73359,0.563,3.43,,,,
4634,03/09/10 12:30:00 AM,73372,0.563,3.43,,,,
4635,03/09/10 01:00:00 AM,73386,0.563,3.43,,,,
4636,03/09/10 01:30:00 AM,73386,0.563,3.43,,,,
4637,03/09/10 02:00:00 AM,73372,0.563,3.43,,,,
4638,03/09/10 02:30:00 AM,73359,0.563,3.43,,,,
4639,03/09/10 03:00:00 AM,73345,0.563,3.43,,,,
4640,03/09/10 03:30:00 AM,73304,0.563,3.43,,,,
4641,03/09/10 04:00:00 AM,73317,0.563,3.43,,,,
4642,03/09/10 04:30:00 AM,73304,0.563,3.43,,,,
4643,03/09/10 05:00:00 AM,73290,0.563,3.43,,,,
4644,03/09/10 05:30:00 AM,73304,0.563,3.43,,,,
4645,03/09/10 06:00:00 AM,73304,0.563,3.43,,,,
4646,03/09/10 06:30:00 AM,73304,0.563,3.43,,,,
4647,03/09/10 07:00:00 AM,73304,0.563,3.43,,,,
4648,03/09/10 07:30:00 AM,73304,0.563,3.43,,,,
4649,03/09/10 08:00:00 AM,73317,0.563,3.43,,,,
4650,03/09/10 08:30:00 AM,73359,0.563,3.43,,,,
4651,03/09/10 09:00:00 AM,73372,0.563,3.43,,,,
4652,03/09/10 09:30:00 AM,73386,0.563,3.43,,,,
4653,03/09/10 10:00:00 AM,73400,0.563,3.43,,,,
4654,03/09/10 10:30:00 AM,73386,0.563,3.43,,,,
4655,03/09/10 11:00:00 AM,73372,0.563,3.43,,,,
4656,03/09/10 11:30:00 AM,73331,0.563,3.43,,,,
4657,03/09/10 12:00:00 PM,73304,0.563,3.43,,,,
4658,03/09/10 12:30:00 PM,73249,0.563,3.43,,,,
4659,03/09/10 01:00:00 PM,73208,0.563,3.43,,,,
4660,03/09/10 01:30:00 PM,73167,0.563,3.43,,,,
4661,03/09/10 02:00:00 PM,73112,0.563,3.43,,,,
4662,03/09/10 02:30:00 PM,73071,0.563,3.43,,,,
4663,03/09/10 03:00:00 PM,73071,0.563,3.43,,,,
4664,03/09/10 03:30:00 PM,73044,0.563,3.43,,,,
4665,03/09/10 04:00:00 PM,73016,0.563,3.43,,,,
4666,03/09/10 04:30:00 PM,72975,0.563,3.43,,,,
4667,03/09/10 05:00:00 PM,72975,0.563,3.43,,,,
4668,03/09/10 05:30:00 PM,72907,0.563,3.43,,,,
4669,03/09/10 06:00:00 PM,72907,0.563,3.43,,,,
4670,03/09/10 06:30:00 PM,72852,0.563,3.43,,,,
4671,03/09/10 07:00:00 PM,72893,0.563,3.43,,,,
4672,03/09/10 07:30:00 PM,72852,0.563,3.43,,,,
4673,03/09/10 08:00:00 PM,72825,0.563,3.43,,,,
4674,03/09/10 08:30:00 PM,72797,0.563,3.43,,,,
4675,03/09/10 09:00:00 PM,72715,0.563,3.43,,,,
4676,03/09/10 09:30:00 PM,72756,0.563,3.43,,,,
4677,03/09/10 10:00:00 PM,72729,0.563,3.43,,,,
4678,03/09/10 10:30:00 PM,72729,0.563,3.43,,,,
4679,03/09/10 11:00:00 PM,72702,0.563,3.43,,,,
4680,03/09/10 11:30:00 PM,72674,0.563,3.43,,,,
4681,03/10/10 12:00:00 AM,72633,0.563,3.43,,,,
4682,03/10/10 12:30:00 AM,72592,0.563,3.43,,,,
4683,03/10/10 01:00:00 AM,72565,0.563,3.43,,,,
4684,03/10/10 01:30:00 AM,72551,0.563,3.43,,,,
4685,03/10/10 02:00:00 AM,72537,0.563,3.43,,,,
4686,03/10/10 02:30:00 AM,72524,0.563,3.43,,,,
4687,03/10/10 03:00:00 AM,72496,0.563,3.43,,,,
4688,03/10/10 03:30:00 AM,72469,0.563,3.43,,,,
4689,03/10/10 04:00:00 AM,72483,0.563,3.43,,,,
4690,03/10/10 04:30:00 AM,72483,0.563,3.43,,,,
4691,03/10/10 05:00:00 AM,72510,0.563,3.43,,,,
4692,03/10/10 05:30:00 AM,72524,0.563,3.43,,,,
4693,03/10/10 06:00:00 AM,72537,0.563,3.43,,,,
4694,03/10/10 06:30:00 AM,72592,0.563,3.43,,,,
4695,03/10/10 07:00:00 AM,72619,0.563,3.43,,,,
4696,03/10/10 07:30:00 AM,72647,0.563,3.43,,,,
4697,03/10/10 08:00:00 AM,72702,0.563,3.43,,,,
4698,03/10/10 08:30:00 AM,72743,0.563,3.43,,,,
4699,03/10/10 09:00:00 AM,72770,0.563,3.43,,,,
4700,03/10/10 09:30:00 AM,72825,0.563,3.43,,,,
4701,03/10/10 10:00:00 AM,72852,0.563,3.43,,,,
4702,03/10/10 10:30:00 AM,72879,0.563,3.43,,,,
4703,03/10/10 11:00:00 AM,72879,0.563,3.43,,,,
4704,03/10/10 11:30:00 AM,72838,0.563,3.43,,,,
4705,03/10/10 12:00:00 PM,72825,0.563,3.43,,,,
4706,03/10/10 12:30:00 PM,72825,0.563,3.43,,,,
4707,03/10/10 01:00:00 PM,72825,0.563,3.43,,,,
4708,03/10/10 01:30:00 PM,73263,0.453,3.43,,,,
4709,03/10/10 02:00:00 PM,72797,0.563,3.43,,,,
4710,03/10/10 02:30:00 PM,72797,0.563,3.43,,,,
4711,03/10/10 03:00:00 PM,72797,0.563,3.43,,,,
4712,03/10/10 03:30:00 PM,72784,0.563,3.43,,,,
4713,03/10/10 04:00:00 PM,72784,0.563,3.43,,,,
4714,03/10/10 04:30:00 PM,72770,0.563,3.43,,,,
4715,03/10/10 05:00:00 PM,72770,0.563,3.43,,,,
4716,03/10/10 05:30:00 PM,72797,0.563,3.43,,,,
4717,03/10/10 06:00:00 PM,72825,0.563,3.43,,,,
4718,03/10/10 06:30:00 PM,72825,0.563,3.43,,,,
4719,03/10/10 07:00:00 PM,72852,0.563,3.43,,,,
4720,03/10/10 07:30:00 PM,72852,0.563,3.43,,,,
4721,03/10/10 08:00:00 PM,72879,0.563,3.43,,,,
4722,03/10/10 08:30:00 PM,72879,0.563,3.43,,,,
4723,03/10/10 09:00:00 PM,72879,0.563,3.43,,,,
4724,03/10/10 09:30:00 PM,72879,0.563,3.43,,,,
4725,03/10/10 10:00:00 PM,72866,0.563,3.43,,,,
4726,03/10/10 10:30:00 PM,72879,0.563,3.43,,,,
4727,03/10/10 11:00:00 PM,72879,0.563,3.43,,,,
4728,03/10/10 11:30:00 PM,72866,0.563,3.43,,,,
4729,03/11/10 12:00:00 AM,72852,0.563,3.43,,,,
4730,03/11/10 12:30:00 AM,72852,0.563,3.43,,,,
4731,03/11/10 01:00:00 AM,72852,0.563,3.43,,,,
4732,03/11/10 01:30:00 AM,72852,0.563,3.43,,,,
4733,03/11/10 02:00:00 AM,72838,0.563,3.43,,,,
4734,03/11/10 02:30:00 AM,72852,0.563,3.43,,,,
4735,03/11/10 03:00:00 AM,72852,0.563,3.43,,,,
4736,03/11/10 03:30:00 AM,72852,0.563,3.43,,,,
4737,03/11/10 04:00:00 AM,72879,0.563,3.43,,,,
4738,03/11/10 04:30:00 AM,72907,0.563,3.43,,,,
4739,03/11/10 05:00:00 AM,72948,0.563,3.43,,,,
4740,03/11/10 05:30:00 AM,72989,0.563,3.43,,,,
4741,03/11/10 06:00:00 AM,73030,0.563,3.43,,,,
4742,03/11/10 06:30:00 AM,73057,0.563,3.43,,,,
4743,03/11/10 07:00:00 AM,73098,0.563,3.43,,,,
4744,03/11/10 07:30:00 AM,73140,0.563,3.43,,,,
4745,03/11/10 08:00:00 AM,73208,0.563,3.43,,,,
4746,03/11/10 08:30:00 AM,73235,0.563,3.43,,,,
4747,03/11/10 09:00:00 AM,73263,0.563,3.43,,,,
4748,03/11/10 09:30:00 AM,73290,0.563,3.43,,,,
4749,03/11/10 10:00:00 AM,73317,0.563,3.43,,,,
4750,03/11/10 10:30:00 AM,73345,0.563,3.43,,,,
4751,03/11/10 11:00:00 AM,73372,0.563,3.43,,,,
4752,03/11/10 11:30:00 AM,73427,0.563,3.43,,,,
4753,03/11/10 12:00:00 PM,73441,0.563,3.43,,,,
4754,03/11/10 12:30:00 PM,73454,0.563,3.43,,,,
4755,03/11/10 01:00:00 PM,73413,0.563,3.43,,,,
4756,03/11/10 01:30:00 PM,73413,0.563,3.43,,,,
4757,03/11/10 02:00:00 PM,73413,0.563,3.43,,,,
4758,03/11/10 02:30:00 PM,73427,0.563,3.43,,,,
4759,03/11/10 03:00:00 PM,73468,0.563,3.43,,,,
4760,03/11/10 03:30:00 PM,73482,0.563,3.43,,,,
4761,03/11/10 04:00:00 PM,73509,0.563,3.43,,,,
4762,03/11/10 04:30:00 PM,73536,0.563,3.43,,,,
4763,03/11/10 05:00:00 PM,73564,0.563,3.43,,,,
4764,03/11/10 05:30:00 PM,73591,0.563,3.43,,,,
4765,03/11/10 06:00:00 PM,73619,0.563,3.43,,,,
4766,03/11/10 06:30:00 PM,73660,0.563,3.43,,,,
4767,03/11/10 07:00:00 PM,73701,0.563,3.43,,,,
4768,03/11/10 07:30:00 PM,73714,0.563,3.43,,,,
4769,03/11/10 08:00:00 PM,73742,0.563,3.43,,,,
4770,03/11/10 08:30:00 PM,73742,0.563,3.43,,,,
4771,03/11/10 09:00:00 PM,73783,0.563,3.43,,,,
4772,03/11/10 09:30:00 PM,73797,0.563,3.43,,,,
4773,03/11/10 10:00:00 PM,73810,0.563,3.43,,,,
4774,03/11/10 10:30:00 PM,73797,0.563,3.43,,,,
4775,03/11/10 11:00:00 PM,73824,0.563,3.43,,,,
4776,03/11/10 11:30:00 PM,73810,0.563,3.43,,,,
4777,03/12/10 12:00:00 AM,73824,0.563,3.43,,,,
4778,03/12/10 12:30:00 AM,73851,0.563,3.43,,,,
4779,03/12/10 01:00:00 AM,73838,0.563,3.43,,,,
4780,03/12/10 01:30:00 AM,73851,0.563,3.43,,,,
4781,03/12/10 02:00:00 AM,73851,0.563,3.43,,,,
4782,03/12/10 02:30:00 AM,73824,0.563,3.43,,,,
4783,03/12/10 03:00:00 AM,73824,0.563,3.43,,,,
4784,03/12/10 03:30:00 AM,73810,0.563,3.43,,,,
4785,03/12/10 04:00:00 AM,73797,0.563,3.43,,,,
4786,03/12/10 04:30:00 AM,73824,0.563,3.43,,,,
4787,03/12/10 05:00:00 AM,73838,0.563,3.43,,,,
4788,03/12/10 05:30:00 AM,73865,0.563,3.43,,,,
4789,03/12/10 06:00:00 AM,73879,0.563,3.43,,,,
4790,03/12/10 06:30:00 AM,73906,0.563,3.43,,,,
4791,03/12/10 07:00:00 AM,73933,0.563,3.43,,,,
4792,03/12/10 07:30:00 AM,73961,0.563,3.43,,,,
4793,03/12/10 08:00:00 AM,73988,0.563,3.43,,,,
4794,03/12/10 08:30:00 AM,74016,0.563,3.43,,,,
4795,03/12/10 09:00:00 AM,74043,0.563,3.43,,,,
4796,03/12/10 09:30:00 AM,74043,0.563,3.43,,,,
4797,03/12/10 10:00:00 AM,74043,0.563,3.43,,,,
4798,03/12/10 10:30:00 AM,74070,0.563,3.43,,,,
4799,03/12/10 11:00:00 AM,74070,0.563,3.43,,,,
4800,03/12/10 11:30:00 AM,74084,0.563,3.43,,,,
4801,03/12/10 12:00:00 PM,74070,0.563,3.43,,,,
4802,03/12/10 12:30:00 PM,74043,0.563,3.43,,,,
4803,03/12/10 01:00:00 PM,74029,0.563,3.43,,,,
4804,03/12/10 01:30:00 PM,73988,0.563,3.43,,,,
4805,03/12/10 02:00:00 PM,74002,0.563,3.43,,,,
4806,03/12/10 02:30:00 PM,74002,0.563,3.43,,,,
4807,03/12/10 03:00:00 PM,74016,0.563,3.43,,,,
4808,03/12/10 03:30:00 PM,74016,0.563,3.43,,,,
4809,03/12/10 04:00:00 PM,74029,0.563,3.43,,,,
4810,03/12/10 04:30:00 PM,74016,0.563,3.43,,,,
4811,03/12/10 05:00:00 PM,74043,0.563,3.43,,,,
4812,03/12/10 05:30:00 PM,74043,0.563,3.43,,,,
4813,03/12/10 06:00:00 PM,74057,0.563,3.43,,,,
4814,03/12/10 06:30:00 PM,74084,0.563,3.43,,,,
4815,03/12/10 07:00:00 PM,74098,0.563,3.43,,,,
4816,03/12/10 07:30:00 PM,74111,0.563,3.43,,,,
4817,03/12/10 08:00:00 PM,74125,0.563,3.43,,,,
4818,03/12/10 08:30:00 PM,74111,0.563,3.43,,,,
4819,03/12/10 09:00:00 PM,74111,0.563,3.43,,,,
4820,03/12/10 09:30:00 PM,74111,0.563,3.43,,,,
4821,03/12/10 10:00:00 PM,74098,0.563,3.43,,,,
4822,03/12/10 10:30:00 PM,74084,0.563,3.43,,,,
4823,03/12/10 11:00:00 PM,74070,0.563,3.43,,,,
4824,03/12/10 11:30:00 PM,74043,0.563,3.43,,,,
4825,03/13/10 12:00:00 AM,74016,0.563,3.43,,,,
4826,03/13/10 12:30:00 AM,74002,0.563,3.43,,,,
4827,03/13/10 01:00:00 AM,74016,0.563,3.43,,,,
4828,03/13/10 01:30:00 AM,73961,0.563,3.43,,,,
4829,03/13/10 02:00:00 AM,73961,0.563,3.43,,,,
4830,03/13/10 02:30:00 AM,73906,0.563,3.43,,,,
4831,03/13/10 03:00:00 AM,73892,0.563,3.43,,,,
4832,03/13/10 03:30:00 AM,73865,0.563,3.43,,,,
4833,03/13/10 04:00:00 AM,73865,0.563,3.43,,,,
4834,03/13/10 04:30:00 AM,73865,0.563,3.43,,,,
4835,03/13/10 05:00:00 AM,73865,0.563,3.43,,,,
4836,03/13/10 05:30:00 AM,73851,0.563,3.43,,,,
4837,03/13/10 06:00:00 AM,73851,0.563,3.43,,,,
4838,03/13/10 06:30:00 AM,73838,0.563,3.43,,,,
4839,03/13/10 07:00:00 AM,73838,0.563,3.43,,,,
4840,03/13/10 07:30:00 AM,73810,0.563,3.43,,,,
4841,03/13/10 08:00:00 AM,73810,0.563,3.43,,,,
4842,03/13/10 08:30:00 AM,73810,0.563,3.43,,,,
4843,03/13/10 09:00:00 AM,73811,0.453,3.43,,,,
4844,03/13/10 09:30:00 AM,73811,0.453,3.43,,,,
4845,03/13/10 10:00:00 AM,73783,0.453,3.43,,,,
4846,03/13/10 10:30:00 AM,73769,0.563,3.43,,,,
4847,03/13/10 11:00:00 AM,73755,0.563,3.43,,,,
4848,03/13/10 11:30:00 AM,73728,0.563,3.43,,,,
4849,03/13/10 12:00:00 PM,73701,0.563,3.43,,,,
4850,03/13/10 12:30:00 PM,73673,0.563,3.43,,,,
4851,03/13/10 01:00:00 PM,73646,0.563,3.43,,,,
4852,03/13/10 01:30:00 PM,73591,0.563,3.43,,,,
4853,03/13/10 02:00:00 PM,73564,0.563,3.43,,,,
4854,03/13/10 02:30:00 PM,73509,0.563,3.43,,,,
4855,03/13/10 03:00:00 PM,73536,0.563,3.43,,,,
4856,03/13/10 03:30:00 PM,73495,0.563,3.43,,,,
4857,03/13/10 04:00:00 PM,73495,0.563,3.43,,,,
4858,03/13/10 04:30:00 PM,73495,0.563,3.43,,,,
4859,03/13/10 05:00:00 PM,73482,0.563,3.43,,,,
4860,03/13/10 05:30:00 PM,73482,0.563,3.43,,,,
4861,03/13/10 06:00:00 PM,73495,0.563,3.43,,,,
4862,03/13/10 06:30:00 PM,73482,0.563,3.43,,,,
4863,03/13/10 07:00:00 PM,73509,0.563,3.43,,,,
4864,03/13/10 07:30:00 PM,73482,0.563,3.43,,,,
4865,03/13/10 08:00:00 PM,73509,0.563,3.43,,,,
4866,03/13/10 08:30:00 PM,73482,0.563,3.43,,,,
4867,03/13/10 09:00:00 PM,73509,0.563,3.43,,,,
4868,03/13/10 09:30:00 PM,73523,0.563,3.43,,,,
4869,03/13/10 10:00:00 PM,73495,0.563,3.43,,,,
4870,03/13/10 10:30:00 PM,73495,0.563,3.43,,,,
4871,03/13/10 11:00:00 PM,73482,0.563,3.43,,,,
4872,03/13/10 11:30:00 PM,73482,0.563,3.43,,,,
4873,03/14/10 12:00:00 AM,73468,0.563,3.43,,,,
4874,03/14/10 12:30:00 AM,73454,0.563,3.43,,,,
4875,03/14/10 01:00:00 AM,73441,0.563,3.43,,,,
4876,03/14/10 01:30:00 AM,73427,0.563,3.43,,,,
4877,03/14/10 02:00:00 AM,73400,0.563,3.43,,,,
4878,03/14/10 02:30:00 AM,73372,0.563,3.43,,,,
4879,03/14/10 03:00:00 AM,73372,0.563,3.43,,,,
4880,03/14/10 03:30:00 AM,73359,0.563,3.43,,,,
4881,03/14/10 04:00:00 AM,73359,0.563,3.43,,,,
4882,03/14/10 04:30:00 AM,73386,0.563,3.43,,,,
4883,03/14/10 05:00:00 AM,73400,0.563,3.43,,,,
4884,03/14/10 05:30:00 AM,73372,0.563,3.43,,,,
4885,03/14/10 06:00:00 AM,73372,0.563,3.43,,,,
4886,03/14/10 06:30:00 AM,73359,0.563,3.43,,,,
4887,03/14/10 07:00:00 AM,73359,0.563,3.43,,,,
4888,03/14/10 07:30:00 AM,73345,0.563,3.43,,,,
4889,03/14/10 08:00:00 AM,73413,0.563,3.43,,,,
4890,03/14/10 08:30:00 AM,73468,0.563,3.43,,,,
4891,03/14/10 09:00:00 AM,73468,0.563,3.43,,,,
4892,03/14/10 09:30:00 AM,73523,0.563,3.43,,,,
4893,03/14/10 10:00:00 AM,73523,0.563,3.43,,,,
4894,03/14/10 10:30:00 AM,73536,0.563,3.43,,,,
4895,03/14/10 11:00:00 AM,73564,0.563,3.43,,,,
4896,03/14/10 11:30:00 AM,73578,0.563,3.43,,,,
4897,03/14/10 12:00:00 PM,73591,0.563,3.43,,,,
4898,03/14/10 12:30:00 PM,73619,0.563,3.43,,,,
4899,03/14/10 01:00:00 PM,73605,0.563,3.43,,,,
4900,03/14/10 01:30:00 PM,73578,0.563,3.43,,,,
4901,03/14/10 02:00:00 PM,73591,0.563,3.43,,,,
4902,03/14/10 02:30:00 PM,73619,0.563,3.43,,,,
4903,03/14/10 03:00:00 PM,73660,0.563,3.43,,,,
4904,03/14/10 03:30:00 PM,73673,0.563,3.43,,,,
4905,03/14/10 04:00:00 PM,73701,0.563,3.43,,,,
4906,03/14/10 04:30:00 PM,73769,0.563,3.43,,,,
4907,03/14/10 05:00:00 PM,73783,0.563,3.43,,,,
4908,03/14/10 05:30:00 PM,73838,0.563,3.43,,,,
4909,03/14/10 06:00:00 PM,73865,0.563,3.43,,,,
4910,03/14/10 06:30:00 PM,73906,0.563,3.43,,,,
4911,03/14/10 07:00:00 PM,73947,0.563,3.43,,,,
4912,03/14/10 07:30:00 PM,74016,0.563,3.43,,,,
4913,03/14/10 08:00:00 PM,74029,0.563,3.43,,,,
4914,03/14/10 08:30:00 PM,74043,0.563,3.43,,,,
4915,03/14/10 09:00:00 PM,74070,0.563,3.43,,,,
4916,03/14/10 09:30:00 PM,74125,0.563,3.43,,,,
4917,03/14/10 10:00:00 PM,74125,0.563,3.43,,,,
4918,03/14/10 10:30:00 PM,74139,0.563,3.43,,,,
4919,03/14/10 11:00:00 PM,74152,0.563,3.43,,,,
4920,03/14/10 11:30:00 PM,74166,0.563,3.43,,,,
4921,03/15/10 12:00:00 AM,74194,0.563,3.43,,,,
4922,03/15/10 12:30:00 AM,74207,0.563,3.43,,,,
4923,03/15/10 01:00:00 AM,74221,0.563,3.43,,,,
4924,03/15/10 01:30:00 AM,74221,0.563,3.43,,,,
4925,03/15/10 02:00:00 AM,74235,0.563,3.43,,,,
4926,03/15/10 02:30:00 AM,74221,0.563,3.43,,,,
4927,03/15/10 03:00:00 AM,74235,0.563,3.43,,,,
4928,03/15/10 03:30:00 AM,74248,0.563,3.43,,,,
4929,03/15/10 04:00:00 AM,74276,0.563,3.43,,,,
4930,03/15/10 04:30:00 AM,74289,0.563,3.43,,,,
4931,03/15/10 05:00:00 AM,74303,0.563,3.43,,,,
4932,03/15/10 05:30:00 AM,74330,0.563,3.43,,,,
4933,03/15/10 06:00:00 AM,74358,0.563,3.43,,,,
4934,03/15/10 06:30:00 AM,74385,0.563,3.43,,,,
4935,03/15/10 07:00:00 AM,74440,0.563,3.43,,,,
4936,03/15/10 07:30:00 AM,74467,0.563,3.43,,,,
4937,03/15/10 08:00:00 AM,74508,0.563,3.43,,,,
4938,03/15/10 08:30:00 AM,74563,0.563,3.43,,,,
4939,03/15/10 09:00:00 AM,74591,0.563,3.43,,,,
4940,03/15/10 09:30:00 AM,74618,0.563,3.43,,,,
4941,03/15/10 10:00:00 AM,74659,0.563,3.43,,,,
4942,03/15/10 10:30:00 AM,74659,0.563,3.43,,,,
4943,03/15/10 11:00:00 AM,74659,0.563,3.43,,,,
4944,03/15/10 11:30:00 AM,74659,0.563,3.43,,,,
4945,03/15/10 12:00:00 PM,74659,0.563,3.43,,,,
4946,03/15/10 12:30:00 PM,74659,0.563,3.43,,,,
4947,03/15/10 01:00:00 PM,74645,0.563,3.43,,,,
4948,03/15/10 01:30:00 PM,74604,0.563,3.43,,,,
4949,03/15/10 02:00:00 PM,74618,0.563,3.43,,,,
4950,03/15/10 02:30:00 PM,74632,0.563,3.43,,,,
4951,03/15/10 03:00:00 PM,74632,0.563,3.43,,,,
4952,03/15/10 03:30:00 PM,74673,0.563,3.43,,,,
4953,03/15/10 04:00:00 PM,74686,0.563,3.43,,,,
4954,03/15/10 04:30:00 PM,74714,0.563,3.43,,,,
4955,03/15/10 05:00:00 PM,74741,0.563,3.43,,,,
4956,03/15/10 05:30:00 PM,74782,0.563,3.43,,,,
4957,03/15/10 06:00:00 PM,74823,0.563,3.43,,,,
4958,03/15/10 06:30:00 PM,74823,0.563,3.43,,,,
4959,03/15/10 07:00:00 PM,74864,0.563,3.43,,,,
4960,03/15/10 07:30:00 PM,74878,0.563,3.43,,,,
4961,03/15/10 08:00:00 PM,74919,0.563,3.43,,,,
4962,03/15/10 08:30:00 PM,74933,0.563,3.43,,,,
4963,03/15/10 09:00:00 PM,74960,0.563,3.43,,,,
4964,03/15/10 09:30:00 PM,75001,0.563,3.43,,,,
4965,03/15/10 10:00:00 PM,74988,0.563,3.43,,,,
4966,03/15/10 10:30:00 PM,75001,0.563,3.43,,,,
4967,03/15/10 11:00:00 PM,74988,0.563,3.43,,,,
4968,03/15/10 11:30:00 PM,74988,0.563,3.43,,,,
4969,03/16/10 12:00:00 AM,75001,0.563,3.43,,,,
4970,03/16/10 12:30:00 AM,75015,0.563,3.43,,,,
4971,03/16/10 01:00:00 AM,75015,0.563,3.43,,,,
4972,03/16/10 01:30:00 AM,75029,0.563,3.43,,,,
4973,03/16/10 02:00:00 AM,75015,0.563,3.43,,,,
4974,03/16/10 02:30:00 AM,75015,0.563,3.43,,,,
4975,03/16/10 03:00:00 AM,75001,0.563,3.43,,,,
4976,03/16/10 03:30:00 AM,75001,0.563,3.43,,,,
4977,03/16/10 04:00:00 AM,75015,0.563,3.43,,,,
4978,03/16/10 04:30:00 AM,75015,0.563,3.43,,,,
4979,03/16/10 05:00:00 AM,75029,0.563,3.43,,,,
4980,03/16/10 05:30:00 AM,75015,0.563,3.43,,,,
4981,03/16/10 06:00:00 AM,75001,0.563,3.43,,,,
4982,03/16/10 06:30:00 AM,75015,0.563,3.43,,,,
4983,03/16/10 07:00:00 AM,75029,0.563,3.43,,,,
4984,03/16/10 07:30:00 AM,75029,0.563,3.43,,,,
4985,03/16/10 08:00:00 AM,75042,0.563,3.43,,,,
4986,03/16/10 08:30:00 AM,75042,0.563,3.43,,,,
4987,03/16/10 09:00:00 AM,75070,0.563,3.43,,,,
4988,03/16/10 09:30:00 AM,75097,0.563,3.43,,,,
4989,03/16/10 10:00:00 AM,75083,0.563,3.43,,,,
4990,03/16/10 10:30:00 AM,75097,0.563,3.43,,,,
4991,03/16/10 11:00:00 AM,75056,0.563,3.43,,,,
4992,03/16/10 11:30:00 AM,75056,0.563,3.43,,,,
4993,03/16/10 12:00:00 PM,75056,0.563,3.43,,,,
4994,03/16/10 12:30:00 PM,75042,0.563,3.43,,,,
4995,03/16/10 01:00:00 PM,75001,0.563,3.43,,,,
4996,03/16/10 01:30:00 PM,74974,0.563,3.43,,,,
4997,03/16/10 02:00:00 PM,74933,0.563,3.43,,,,
4998,03/16/10 02:30:00 PM,74919,0.563,3.43,,,,
4999,03/16/10 03:00:00 PM,74933,0.563,3.43,,,,
5000,03/16/10 03:30:00 PM,74933,0.563,3.43,,,,
5001,03/16/10 04:00:00 PM,74947,0.563,3.43,,,,
5002,03/16/10 04:30:00 PM,74960,0.563,3.43,,,,
5003,03/16/10 05:00:00 PM,74960,0.563,3.43,,,,
5004,03/16/10 05:30:00 PM,74988,0.563,3.43,,,,
5005,03/16/10 06:00:00 PM,75029,0.563,3.43,,,,
5006,03/16/10 06:30:00 PM,75015,0.563,3.43,,,,
5007,03/16/10 07:00:00 PM,75042,0.563,3.43,,,,
5008,03/16/10 07:30:00 PM,75056,0.563,3.43,,,,
5009,03/16/10 08:00:00 PM,75042,0.563,3.43,,,,
5010,03/16/10 08:30:00 PM,75042,0.563,3.43,,,,
5011,03/16/10 09:00:00 PM,75042,0.563,3.43,,,,
5012,03/16/10 09:30:00 PM,75042,0.563,3.43,,,,
5013,03/16/10 10:00:00 PM,75042,0.563,3.43,,,,
5014,03/16/10 10:30:00 PM,75015,0.563,3.43,,,,
5015,03/16/10 11:00:00 PM,75001,0.563,3.43,,,,
5016,03/16/10 11:30:00 PM,74974,0.563,3.43,,,,
5017,03/17/10 12:00:00 AM,74960,0.563,3.43,,,,
5018,03/17/10 12:30:00 AM,74933,0.563,3.43,,,,
5019,03/17/10 01:00:00 AM,74933,0.563,3.43,,,,
5020,03/17/10 01:30:00 AM,74919,0.563,3.43,,,,
5021,03/17/10 02:00:00 AM,74919,0.563,3.43,,,,
5022,03/17/10 02:30:00 AM,74878,0.563,3.43,,,,
5023,03/17/10 03:00:00 AM,74837,0.563,3.43,,,,
5024,03/17/10 03:30:00 AM,74837,0.563,3.43,,,,
5025,03/17/10 04:00:00 AM,74851,0.563,3.43,,,,
5026,03/17/10 04:30:00 AM,74851,0.563,3.43,,,,
5027,03/17/10 05:00:00 AM,74851,0.563,3.43,,,,
5028,03/17/10 05:30:00 AM,74851,0.563,3.43,,,,
5029,03/17/10 06:00:00 AM,74878,0.563,3.43,,,,
5030,03/17/10 06:30:00 AM,74864,0.563,3.43,,,,
5031,03/17/10 07:00:00 AM,74892,0.563,3.43,,,,
5032,03/17/10 07:30:00 AM,74878,0.563,3.43,,,,
5033,03/17/10 08:00:00 AM,74892,0.563,3.43,,,,
5034,03/17/10 08:30:00 AM,74892,0.563,3.43,,,,
5035,03/17/10 09:00:00 AM,74905,0.563,3.43,,,,
5036,03/17/10 09:30:00 AM,74892,0.563,3.43,,,,
5037,03/17/10 10:00:00 AM,74905,0.563,3.43,,,,
5038,03/17/10 10:30:00 AM,74878,0.563,3.43,,,,
5039,03/17/10 11:00:00 AM,74851,0.563,3.43,,,,
5040,03/17/10 11:30:00 AM,74837,0.563,3.43,,,,
5041,03/17/10 12:00:00 PM,74796,0.563,3.43,,,,
5042,03/17/10 12:30:00 PM,74782,0.563,3.43,,,,
5043,03/17/10 01:00:00 PM,74755,0.563,3.43,,,,
5044,03/17/10 01:30:00 PM,74755,0.563,3.43,,,,
5045,03/17/10 02:00:00 PM,74727,0.563,3.43,,,,
5046,03/17/10 02:30:00 PM,74727,0.563,3.43,,,,
5047,03/17/10 03:00:00 PM,74727,0.563,3.43,,,,
5048,03/17/10 03:30:00 PM,74741,0.563,3.43,,,,
5049,03/17/10 04:00:00 PM,74755,0.563,3.43,,,,
5050,03/17/10 04:30:00 PM,74755,0.563,3.43,,,,
5051,03/17/10 05:00:00 PM,74769,0.563,3.43,,,,
5052,03/17/10 05:30:00 PM,74782,0.563,3.43,,,,
5053,03/17/10 06:00:00 PM,74782,0.563,3.43,,,,
5054,03/17/10 06:30:00 PM,74782,0.563,3.43,,,,
5055,03/17/10 07:00:00 PM,74796,0.563,3.43,,,,
5056,03/17/10 07:30:00 PM,74810,0.563,3.43,,,,
5057,03/17/10 08:00:00 PM,74823,0.563,3.43,,,,
5058,03/17/10 08:30:00 PM,74810,0.563,3.43,,,,
5059,03/17/10 09:00:00 PM,74823,0.563,3.43,,,,
5060,03/17/10 09:30:00 PM,74796,0.563,3.43,,,,
5061,03/17/10 10:00:00 PM,74782,0.563,3.43,,,,
5062,03/17/10 10:30:00 PM,74755,0.563,3.43,,,,
5063,03/17/10 11:00:00 PM,74714,0.563,3.43,,,,
5064,03/17/10 11:30:00 PM,74686,0.563,3.43,,,,
5065,03/18/10 12:00:00 AM,74673,0.563,3.43,,,,
5066,03/18/10 12:30:00 AM,74645,0.563,3.43,,,,
5067,03/18/10 01:00:00 AM,74618,0.563,3.43,,,,
5068,03/18/10 01:30:00 AM,74604,0.563,3.43,,,,
5069,03/18/10 02:00:00 AM,74577,0.563,3.43,,,,
5070,03/18/10 02:30:00 AM,74549,0.563,3.43,,,,
5071,03/18/10 03:00:00 AM,74508,0.563,3.43,,,,
5072,03/18/10 03:30:00 AM,74454,0.563,3.43,,,,
5073,03/18/10 04:00:00 AM,74440,0.563,3.43,,,,
5074,03/18/10 04:30:00 AM,74426,0.563,3.43,,,,
5075,03/18/10 05:00:00 AM,74413,0.563,3.43,,,,
5076,03/18/10 05:30:00 AM,74399,0.563,3.43,,,,
5077,03/18/10 06:00:00 AM,74399,0.563,3.43,,,,
5078,03/18/10 06:30:00 AM,74385,0.563,3.43,,,,
5079,03/18/10 07:00:00 AM,74385,0.563,3.43,,,,
5080,03/18/10 07:30:00 AM,74358,0.563,3.43,,,,
5081,03/18/10 08:00:00 AM,74330,0.563,3.43,,,,
5082,03/18/10 08:30:00 AM,74330,0.563,3.43,,,,
5083,03/18/10 09:00:00 AM,74317,0.563,3.43,,,,
5084,03/18/10 09:30:00 AM,74317,0.563,3.43,,,,
5085,03/18/10 10:00:00 AM,74303,0.563,3.43,,,,
5086,03/18/10 10:30:00 AM,74262,0.563,3.43,,,,
5087,03/18/10 11:00:00 AM,74221,0.563,3.43,,,,
5088,03/18/10 11:30:00 AM,74180,0.563,3.43,,,,
5089,03/18/10 12:00:00 PM,74111,0.563,3.43,,,,
5090,03/18/10 12:30:00 PM,74070,0.563,3.43,,,,
5091,03/18/10 01:00:00 PM,74016,0.563,3.43,,,,
5092,03/18/10 01:30:00 PM,73961,0.563,3.43,,,,
5093,03/18/10 02:00:00 PM,73920,0.563,3.43,,,,
5094,03/18/10 02:30:00 PM,73906,0.563,3.43,,,,
5095,03/18/10 03:00:00 PM,73906,0.563,3.43,,,,
5096,03/18/10 03:30:00 PM,73892,0.563,3.43,,,,
5097,03/18/10 04:00:00 PM,73892,0.674,3.43,,,,
5098,03/18/10 04:30:00 PM,73906,0.674,3.43,,,,
5099,03/18/10 05:00:00 PM,73906,0.674,3.43,,,,
5100,03/18/10 05:30:00 PM,73919,0.674,3.43,,,,
5101,03/18/10 06:00:00 PM,73906,0.674,3.43,,,,
5102,03/18/10 06:30:00 PM,73920,0.563,3.43,,,,
5103,03/18/10 07:00:00 PM,73920,0.563,3.43,,,,
5104,03/18/10 07:30:00 PM,73919,0.674,3.43,,,,
5105,03/18/10 08:00:00 PM,73919,0.674,3.43,,,,
5106,03/18/10 08:30:00 PM,73906,0.563,3.43,,,,
5107,03/18/10 09:00:00 PM,73892,0.563,3.43,,,,
5108,03/18/10 09:30:00 PM,73879,0.563,3.43,,,,
5109,03/18/10 10:00:00 PM,73851,0.563,3.43,,,,
5110,03/18/10 10:30:00 PM,73851,0.563,3.43,,,,
5111,03/18/10 11:00:00 PM,73797,0.563,3.43,,,,
5112,03/18/10 11:30:00 PM,73783,0.563,3.43,,,,
5113,03/19/10 12:00:00 AM,73769,0.563,3.43,,,,
5114,03/19/10 12:30:00 AM,73769,0.563,3.43,,,,
5115,03/19/10 01:00:00 AM,73755,0.563,3.43,,,,
5116,03/19/10 01:30:00 AM,73769,0.563,3.43,,,,
5117,03/19/10 02:00:00 AM,73728,0.563,3.43,,,,
5118,03/19/10 02:30:00 AM,73701,0.563,3.43,,,,
5119,03/19/10 03:00:00 AM,73673,0.563,3.43,,,,
5120,03/19/10 03:30:00 AM,73646,0.563,3.43,,,,
5121,03/19/10 04:00:00 AM,73632,0.563,3.43,,,,
5122,03/19/10 04:30:00 AM,73619,0.563,3.43,,,,
5123,03/19/10 05:00:00 AM,73591,0.563,3.43,,,,
5124,03/19/10 05:30:00 AM,73564,0.563,3.43,,,,
5125,03/19/10 06:00:00 AM,73564,0.563,3.43,,,,
5126,03/19/10 06:30:00 AM,73550,0.563,3.43,,,,
5127,03/19/10 07:00:00 AM,73564,0.563,3.43,,,,
5128,03/19/10 07:30:00 AM,73536,0.563,3.43,,,,
5129,03/19/10 08:00:00 AM,73523,0.563,3.43,,,,
5130,03/19/10 08:30:00 AM,73536,0.563,3.43,,,,
5131,03/19/10 09:00:00 AM,73550,0.563,3.43,,,,
5132,03/19/10 09:30:00 AM,73536,0.563,3.43,,,,
5133,03/19/10 10:00:00 AM,73523,0.563,3.43,,,,
5134,03/19/10 10:30:00 AM,73523,0.563,3.43,,,,
5135,03/19/10 11:00:00 AM,73509,0.563,3.43,,,,
5136,03/19/10 11:30:00 AM,73468,0.563,3.43,,,,
5137,03/19/10 12:00:00 PM,73482,0.563,3.43,,,,
5138,03/19/10 12:30:00 PM,73454,0.563,3.43,,,,
5139,03/19/10 01:00:00 PM,73468,0.563,3.43,,,,
5140,03/19/10 01:30:00 PM,73441,0.563,3.43,,,,
5141,03/19/10 02:00:00 PM,73427,0.563,3.43,,,,
5142,03/19/10 02:30:00 PM,73427,0.563,3.43,,,,
5143,03/19/10 03:00:00 PM,73386,0.563,3.43,,,,
5144,03/19/10 03:30:00 PM,73400,0.563,3.43,,,,
5145,03/19/10 04:00:00 PM,73441,0.563,3.43,,,,
5146,03/19/10 04:30:00 PM,73509,0.563,3.43,,,,
5147,03/19/10 05:00:00 PM,73509,0.563,3.43,,,,
5148,03/19/10 05:30:00 PM,73536,0.563,3.43,,,,
5149,03/19/10 06:00:00 PM,73591,0.563,3.43,,,,
5150,03/19/10 06:30:00 PM,73632,0.563,3.43,,,,
5151,03/19/10 07:00:00 PM,73605,0.563,3.43,,,,
5152,03/19/10 07:30:00 PM,73632,0.563,3.43,,,,
5153,03/19/10 08:00:00 PM,73632,0.563,3.43,,,,
5154,03/19/10 08:30:00 PM,73687,0.563,3.43,,,,
5155,03/19/10 09:00:00 PM,73714,0.563,3.43,,,,
5156,03/19/10 09:30:00 PM,73742,0.563,3.43,,,,
5157,03/19/10 10:00:00 PM,73755,0.563,3.43,,,,
5158,03/19/10 10:30:00 PM,73783,0.563,3.43,,,,
5159,03/19/10 11:00:00 PM,73783,0.563,3.43,,,,
5160,03/19/10 11:30:00 PM,73810,0.563,3.43,,,,
5161,03/20/10 12:00:00 AM,73810,0.563,3.43,,,,
5162,03/20/10 12:30:00 AM,73810,0.563,3.43,,,,
5163,03/20/10 01:00:00 AM,73810,0.563,3.43,,,,
5164,03/20/10 01:30:00 AM,73824,0.563,3.43,,,,
5165,03/20/10 02:00:00 AM,73851,0.563,3.43,,,,
5166,03/20/10 02:30:00 AM,73892,0.563,3.43,,,,
5167,03/20/10 03:00:00 AM,73892,0.563,3.43,,,,
5168,03/20/10 03:30:00 AM,73920,0.563,3.43,,,,
5169,03/20/10 04:00:00 AM,73933,0.563,3.43,,,,
5170,03/20/10 04:30:00 AM,73974,0.563,3.43,,,,
5171,03/20/10 05:00:00 AM,74002,0.563,3.43,,,,
5172,03/20/10 05:30:00 AM,74070,0.563,3.43,,,,
5173,03/20/10 06:00:00 AM,74098,0.563,3.43,,,,
5174,03/20/10 06:30:00 AM,74139,0.563,3.43,,,,
5175,03/20/10 07:00:00 AM,74166,0.563,3.43,,,,
5176,03/20/10 07:30:00 AM,74207,0.563,3.43,,,,
5177,03/20/10 08:00:00 AM,74248,0.563,3.43,,,,
5178,03/20/10 08:30:00 AM,74289,0.563,3.43,,,,
5179,03/20/10 09:00:00 AM,74289,0.563,3.43,,,,
5180,03/20/10 09:30:00 AM,74344,0.563,3.43,,,,
5181,03/20/10 10:00:00 AM,74358,0.563,3.43,,,,
5182,03/20/10 10:30:00 AM,74344,0.563,3.43,,,,
5183,03/20/10 11:00:00 AM,74385,0.563,3.43,,,,
5184,03/20/10 11:30:00 AM,74358,0.563,3.43,,,,
5185,03/20/10 12:00:00 PM,74371,0.563,3.43,,,,
5186,03/20/10 12:30:00 PM,74358,0.563,3.43,,,,
5187,03/20/10 01:00:00 PM,74344,0.563,3.43,,,,
5188,03/20/10 01:30:00 PM,74358,0.563,3.43,,,,
5189,03/20/10 02:00:00 PM,74344,0.563,3.43,,,,
5190,03/20/10 02:30:00 PM,74330,0.563,3.43,,,,
5191,03/20/10 03:00:00 PM,74344,0.563,3.43,,,,
5192,03/20/10 03:30:00 PM,74344,0.563,3.43,,,,
5193,03/20/10 04:00:00 PM,74330,0.563,3.43,,,,
5194,03/20/10 04:30:00 PM,74330,0.563,3.43,,,,
5195,03/20/10 05:00:00 PM,74344,0.563,3.43,,,,
5196,03/20/10 05:30:00 PM,74344,0.563,3.43,,,,
5197,03/20/10 06:00:00 PM,74330,0.563,3.43,,,,
5198,03/20/10 06:30:00 PM,74317,0.563,3.43,,,,
5199,03/20/10 07:00:00 PM,74344,0.563,3.43,,,,
5200,03/20/10 07:30:00 PM,74358,0.563,3.43,,,,
5201,03/20/10 08:00:00 PM,74385,0.563,3.43,,,,
5202,03/20/10 08:30:00 PM,74413,0.563,3.43,,,,
5203,03/20/10 09:00:00 PM,74440,0.563,3.43,,,,
5204,03/20/10 09:30:00 PM,74440,0.563,3.43,,,,
5205,03/20/10 10:00:00 PM,74454,0.563,3.43,,,,
5206,03/20/10 10:30:00 PM,74454,0.563,3.43,,,,
5207,03/20/10 11:00:00 PM,74467,0.563,3.43,,,,
5208,03/20/10 11:30:00 PM,74467,0.563,3.43,,,,
5209,03/21/10 12:00:00 AM,74467,0.563,3.43,,,,
5210,03/21/10 12:30:00 AM,74467,0.563,3.43,,,,
5211,03/21/10 01:00:00 AM,74467,0.563,3.43,,,,
5212,03/21/10 01:30:00 AM,74467,0.563,3.43,,,,
5213,03/21/10 02:00:00 AM,74454,0.563,3.43,,,,
5214,03/21/10 02:30:00 AM,74440,0.563,3.43,,,,
5215,03/21/10 03:00:00 AM,74426,0.563,3.43,,,,
5216,03/21/10 03:30:00 AM,74399,0.563,3.43,,,,
5217,03/21/10 04:00:00 AM,74399,0.563,3.43,,,,
5218,03/21/10 04:30:00 AM,74426,0.563,3.43,,,,
5219,03/21/10 05:00:00 AM,74440,0.563,3.43,,,,
5220,03/21/10 05:30:00 AM,74426,0.563,3.43,,,,
5221,03/21/10 06:00:00 AM,74440,0.563,3.43,,,,
5222,03/21/10 06:30:00 AM,74454,0.563,3.43,,,,
5223,03/21/10 07:00:00 AM,74481,0.563,3.43,,,,
5224,03/21/10 07:30:00 AM,74481,0.563,3.43,,,,
5225,03/21/10 08:00:00 AM,74508,0.563,3.43,,,,
5226,03/21/10 08:30:00 AM,74523,0.453,3.43,,,,
5227,03/21/10 09:00:00 AM,74523,0.453,3.43,,,,
5228,03/21/10 09:30:00 AM,74536,0.453,3.43,,,,
5229,03/21/10 10:00:00 AM,74550,0.453,3.43,,,,
5230,03/21/10 10:30:00 AM,74536,0.453,3.43,,,,
5231,03/21/10 11:00:00 AM,74522,0.563,3.43,,,,
5232,03/21/10 11:30:00 AM,74508,0.563,3.43,,,,
5233,03/21/10 12:00:00 PM,74495,0.563,3.43,,,,
5234,03/21/10 12:30:00 PM,74495,0.563,3.43,,,,
5235,03/21/10 01:00:00 PM,74495,0.563,3.43,,,,
5236,03/21/10 01:30:00 PM,74481,0.563,3.43,,,,
5237,03/21/10 02:00:00 PM,74426,0.563,3.43,,,,
5238,03/21/10 02:30:00 PM,74426,0.563,3.43,,,,
5239,03/21/10 03:00:00 PM,74413,0.563,3.43,,,,
5240,03/21/10 03:30:00 PM,74426,0.563,3.43,,,,
5241,03/21/10 04:00:00 PM,74426,0.563,3.43,,,,
5242,03/21/10 04:30:00 PM,74440,0.563,3.43,,,,
5243,03/21/10 05:00:00 PM,74454,0.563,3.43,,,,
5244,03/21/10 05:30:00 PM,74467,0.563,3.43,,,,
5245,03/21/10 06:00:00 PM,74481,0.563,3.43,,,,
5246,03/21/10 06:30:00 PM,74508,0.563,3.43,,,,
5247,03/21/10 07:00:00 PM,74495,0.563,3.43,,,,
5248,03/21/10 07:30:00 PM,74522,0.563,3.43,,,,
5249,03/21/10 08:00:00 PM,74536,0.563,3.43,,,,
5250,03/21/10 08:30:00 PM,74522,0.563,3.43,,,,
5251,03/21/10 09:00:00 PM,74522,0.563,3.43,,,,
5252,03/21/10 09:30:00 PM,74536,0.563,3.43,,,,
5253,03/21/10 10:00:00 PM,74508,0.563,3.43,,,,
5254,03/21/10 10:30:00 PM,74508,0.563,3.43,,,,
5255,03/21/10 11:00:00 PM,74467,0.563,3.43,,,,
5256,03/21/10 11:30:00 PM,74467,0.563,3.43,,,,
5257,03/22/10 12:00:00 AM,74454,0.563,3.43,,,,
5258,03/22/10 12:30:00 AM,74440,0.563,3.43,,,,
5259,03/22/10 01:00:00 AM,74454,0.563,3.43,,,,
5260,03/22/10 01:30:00 AM,74413,0.563,3.43,,,,
5261,03/22/10 02:00:00 AM,74399,0.563,3.43,,,,
5262,03/22/10 02:30:00 AM,74358,0.563,3.43,,,,
5263,03/22/10 03:00:00 AM,74330,0.563,3.43,,,,
5264,03/22/10 03:30:00 AM,74303,0.563,3.43,,,,
5265,03/22/10 04:00:00 AM,74303,0.563,3.43,,,,
5266,03/22/10 04:30:00 AM,74289,0.563,3.43,,,,
5267,03/22/10 05:00:00 AM,74276,0.563,3.43,,,,
5268,03/22/10 05:30:00 AM,74276,0.563,3.43,,,,
5269,03/22/10 06:00:00 AM,74262,0.563,3.43,,,,
5270,03/22/10 06:30:00 AM,74289,0.563,3.43,,,,
5271,03/22/10 07:00:00 AM,74248,0.563,3.43,,,,
5272,03/22/10 07:30:00 AM,74276,0.563,3.43,,,,
5273,03/22/10 08:00:00 AM,74235,0.563,3.43,,,,
5274,03/22/10 08:30:00 AM,74248,0.563,3.43,,,,
5275,03/22/10 09:00:00 AM,74262,0.563,3.43,,,,
5276,03/22/10 09:30:00 AM,74248,0.563,3.43,,,,
5277,03/22/10 10:00:00 AM,74235,0.563,3.43,,,,
5278,03/22/10 10:30:00 AM,74194,0.563,3.43,,,,
5279,03/22/10 11:00:00 AM,74194,0.563,3.43,,,,
5280,03/22/10 11:30:00 AM,74152,0.563,3.43,,,,
5281,03/22/10 12:00:00 PM,74111,0.563,3.43,,,,
5282,03/22/10 12:30:00 PM,74111,0.563,3.43,,,,
5283,03/22/10 01:00:00 PM,74057,0.563,3.43,,,,
5284,03/22/10 01:30:00 PM,74016,0.563,3.43,,,,
5285,03/22/10 02:00:00 PM,73988,0.563,3.43,,,,
5286,03/22/10 02:30:00 PM,73974,0.563,3.43,,,,
5287,03/22/10 03:00:00 PM,73974,0.563,3.43,,,,
5288,03/22/10 03:30:00 PM,73933,0.563,3.43,,,,
5289,03/22/10 04:00:00 PM,73933,0.563,3.43,,,,
5290,03/22/10 04:30:00 PM,73920,0.563,3.43,,,,
5291,03/22/10 05:00:00 PM,73920,0.563,3.43,,,,
5292,03/22/10 05:30:00 PM,73933,0.563,3.43,,,,
5293,03/22/10 06:00:00 PM,73960,0.674,3.43,,,,
5294,03/22/10 06:30:00 PM,73988,0.563,3.43,,,,
5295,03/22/10 07:00:00 PM,74016,0.563,3.43,,,,
5296,03/22/10 07:30:00 PM,74029,0.563,3.43,,,,
5297,03/22/10 08:00:00 PM,74043,0.563,3.43,,,,
5298,03/22/10 08:30:00 PM,74029,0.563,3.43,,,,
5299,03/22/10 09:00:00 PM,74002,0.563,3.43,,,,
5300,03/22/10 09:30:00 PM,73974,0.563,3.43,,,,
5301,03/22/10 10:00:00 PM,73947,0.563,3.43,,,,
5302,03/22/10 10:30:00 PM,73933,0.563,3.43,,,,
5303,03/22/10 11:00:00 PM,73920,0.563,3.43,,,,
5304,03/22/10 11:30:00 PM,73906,0.563,3.43,,,,
5305,03/23/10 12:00:00 AM,73906,0.563,3.43,,,,
5306,03/23/10 12:30:00 AM,73892,0.563,3.43,,,,
5307,03/23/10 01:00:00 AM,73879,0.563,3.43,,,,
5308,03/23/10 01:30:00 AM,73851,0.563,3.43,,,,
5309,03/23/10 02:00:00 AM,73851,0.563,3.43,,,,
5310,03/23/10 02:30:00 AM,73838,0.563,3.43,,,,
5311,03/23/10 03:00:00 AM,73783,0.563,3.43,,,,
5312,03/23/10 03:30:00 AM,73769,0.563,3.43,,,,
5313,03/23/10 04:00:00 AM,73755,0.563,3.43,,,,
5314,03/23/10 04:30:00 AM,73769,0.563,3.43,,,,
5315,03/23/10 05:00:00 AM,73755,0.563,3.43,,,,
5316,03/23/10 05:30:00 AM,73755,0.563,3.43,,,,
5317,03/23/10 06:00:00 AM,73783,0.563,3.43,,,,
5318,03/23/10 06:30:00 AM,73742,0.563,3.43,,,,
5319,03/23/10 07:00:00 AM,73769,0.563,3.43,,,,
5320,03/23/10 07:30:00 AM,73742,0.563,3.43,,,,
5321,03/23/10 08:00:00 AM,73742,0.563,3.43,,,,
5322,03/23/10 08:30:00 AM,73755,0.563,3.43,,,,
5323,03/23/10 09:00:00 AM,73742,0.563,3.43,,,,
5324,03/23/10 09:30:00 AM,73742,0.563,3.43,,,,
5325,03/23/10 10:00:00 AM,73742,0.563,3.43,,,,
5326,03/23/10 10:30:00 AM,73755,0.563,3.43,,,,
5327,03/23/10 11:00:00 AM,73755,0.563,3.43,,,,
5328,03/23/10 11:30:00 AM,73728,0.563,3.43,,,,
5329,03/23/10 12:00:00 PM,73714,0.563,3.43,,,,
5330,03/23/10 12:30:00 PM,73687,0.563,3.43,,,,
5331,03/23/10 01:00:00 PM,73660,0.563,3.43,,,,
5332,03/23/10 01:30:00 PM,73646,0.563,3.43,,,,
5333,03/23/10 02:00:00 PM,73619,0.563,3.43,,,,
5334,03/23/10 02:30:00 PM,73619,0.563,3.43,,,,
5335,03/23/10 03:00:00 PM,73578,0.563,3.43,,,,
5336,03/23/10 03:30:00 PM,73578,0.563,3.43,,,,
5337,03/23/10 04:00:00 PM,73591,0.563,3.43,,,,
5338,03/23/10 04:30:00 PM,73578,0.563,3.43,,,,
5339,03/23/10 05:00:00 PM,73605,0.563,3.43,,,,
5340,03/23/10 05:30:00 PM,73605,0.563,3.43,,,,
5341,03/23/10 06:00:00 PM,73632,0.563,3.43,,,,
5342,03/23/10 06:30:00 PM,73632,0.563,3.43,,,,
5343,03/23/10 07:00:00 PM,73632,0.563,3.43,,,,
5344,03/23/10 07:30:00 PM,73646,0.563,3.43,,,,
5345,03/23/10 08:00:00 PM,73660,0.563,3.43,,,,
5346,03/23/10 08:30:00 PM,73687,0.563,3.43,,,,
5347,03/23/10 09:00:00 PM,73728,0.563,3.43,,,,
5348,03/23/10 09:30:00 PM,73742,0.563,3.43,,,,
5349,03/23/10 10:00:00 PM,73742,0.563,3.43,,,,
5350,03/23/10 10:30:00 PM,73728,0.563,3.43,,,,
5351,03/23/10 11:00:00 PM,73701,0.563,3.43,,,,
5352,03/23/10 11:30:00 PM,73687,0.563,3.43,,,,
5353,03/24/10 12:00:00 AM,73714,0.563,3.43,,,,
5354,03/24/10 12:30:00 AM,73687,0.563,3.43,,,,
5355,03/24/10 01:00:00 AM,73687,0.563,3.43,,,,
5356,03/24/10 01:30:00 AM,73687,0.563,3.43,,,,
5357,03/24/10 02:00:00 AM,73660,0.563,3.43,,,,
5358,03/24/10 02:30:00 AM,73632,0.563,3.43,,,,
5359,03/24/10 03:00:00 AM,73605,0.563,3.43,,,,
5360,03/24/10 03:30:00 AM,73605,0.563,3.43,,,,
5361,03/24/10 04:00:00 AM,73605,0.563,3.43,,,,
5362,03/24/10 04:30:00 AM,73619,0.563,3.43,,,,
5363,03/24/10 05:00:00 AM,73646,0.563,3.43,,,,
5364,03/24/10 05:30:00 AM,73646,0.563,3.43,,,,
5365,03/24/10 06:00:00 AM,73673,0.563,3.43,,,,
5366,03/24/10 06:30:00 AM,73687,0.563,3.43,,,,
5367,03/24/10 07:00:00 AM,73714,0.563,3.43,,,,
5368,03/24/10 07:30:00 AM,73714,0.563,3.43,,,,
5369,03/24/10 08:00:00 AM,73742,0.563,3.43,,,,
5370,03/24/10 08:30:00 AM,73783,0.563,3.43,,,,
5371,03/24/10 09:00:00 AM,73810,0.563,3.43,,,,
5372,03/24/10 09:30:00 AM,73838,0.563,3.43,,,,
5373,03/24/10 10:00:00 AM,73851,0.563,3.43,,,,
5374,03/24/10 10:30:00 AM,73838,0.563,3.43,,,,
5375,03/24/10 11:00:00 AM,73879,0.563,3.43,,,,
5376,03/24/10 11:30:00 AM,73906,0.563,3.43,,,,
5377,03/24/10 12:00:00 PM,73906,0.563,3.43,,,,
5378,03/24/10 12:30:00 PM,73920,0.563,3.43,,,,
5379,03/24/10 01:00:00 PM,73892,0.563,3.43,,,,
5380,03/24/10 01:30:00 PM,73920,0.563,3.43,,,,
5381,03/24/10 02:00:00 PM,73920,0.563,3.43,,,,
5382,03/24/10 02:30:00 PM,73920,0.563,3.43,,,,
5383,03/24/10 03:00:00 PM,73947,0.563,3.43,,,,
5384,03/24/10 03:30:00 PM,73961,0.563,3.43,,,,
5385,03/24/10 04:00:00 PM,73974,0.563,3.43,,,,
5386,03/24/10 04:30:00 PM,73988,0.563,3.43,,,,
5387,03/24/10 05:00:00 PM,74029,0.563,3.43,,,,
5388,03/24/10 05:30:00 PM,74043,0.563,3.43,,,,
5389,03/24/10 06:00:00 PM,74070,0.563,3.43,,,,
5390,03/24/10 06:30:00 PM,74070,0.563,3.43,,,,
5391,03/24/10 07:00:00 PM,74111,0.563,3.43,,,,
5392,03/24/10 07:30:00 PM,74125,0.563,3.43,,,,
5393,03/24/10 08:00:00 PM,74152,0.563,3.43,,,,
5394,03/24/10 08:30:00 PM,74180,0.563,3.43,,,,
5395,03/24/10 09:00:00 PM,74194,0.563,3.43,,,,
5396,03/24/10 09:30:00 PM,74221,0.563,3.43,,,,
5397,03/24/10 10:00:00 PM,74235,0.563,3.43,,,,
5398,03/24/10 10:30:00 PM,74248,0.563,3.43,,,,
5399,03/24/10 11:00:00 PM,74235,0.563,3.43,,,,
5400,03/24/10 11:30:00 PM,74248,0.563,3.43,,,,
5401,03/25/10 12:00:00 AM,74248,0.563,3.43,,,,
5402,03/25/10 12:30:00 AM,74235,0.563,3.43,,,,
5403,03/25/10 01:00:00 AM,74235,0.563,3.43,,,,
5404,03/25/10 01:30:00 AM,74235,0.563,3.43,,,,
5405,03/25/10 02:00:00 AM,74221,0.563,3.43,,,,
5406,03/25/10 02:30:00 AM,74207,0.563,3.43,,,,
5407,03/25/10 03:00:00 AM,74194,0.563,3.43,,,,
5408,03/25/10 03:30:00 AM,74180,0.563,3.43,,,,
5409,03/25/10 04:00:00 AM,74194,0.563,3.43,,,,
5410,03/25/10 04:30:00 AM,74221,0.563,3.43,,,,
5411,03/25/10 05:00:00 AM,74235,0.563,3.43,,,,
5412,03/25/10 05:30:00 AM,74235,0.563,3.43,,,,
5413,03/25/10 06:00:00 AM,74235,0.563,3.43,,,,
5414,03/25/10 06:30:00 AM,74262,0.563,3.43,,,,
5415,03/25/10 07:00:00 AM,74276,0.563,3.43,,,,
5416,03/25/10 07:30:00 AM,74276,0.563,3.43,,,,
5417,03/25/10 08:00:00 AM,74276,0.563,3.43,,,,
5418,03/25/10 08:30:00 AM,74289,0.563,3.43,,,,
5419,03/25/10 09:00:00 AM,74276,0.563,3.43,,,,
5420,03/25/10 09:30:00 AM,74276,0.563,3.43,,,,
5421,03/25/10 10:00:00 AM,74262,0.563,3.43,,,,
5422,03/25/10 10:30:00 AM,74235,0.563,3.43,,,,
5423,03/25/10 11:00:00 AM,74194,0.563,3.43,,,,
5424,03/25/10 11:30:00 AM,74207,0.563,3.43,,,,
5425,03/25/10 12:00:00 PM,74166,0.563,3.43,,,,
5426,03/25/10 12:30:00 PM,74152,0.674,3.43,,,,
5427,03/25/10 01:00:00 PM,74125,0.674,3.43,,,,
5428,03/25/10 01:30:00 PM,74097,0.674,3.43,,,,
5429,03/25/10 02:00:00 PM,74084,0.674,3.43,,,,
5430,03/25/10 02:30:00 PM,74084,0.674,3.43,,,,
5431,03/25/10 03:00:00 PM,74056,0.674,3.43,,,,
5432,03/25/10 03:30:00 PM,74084,0.674,3.43,,,,
5433,03/25/10 04:00:00 PM,74042,0.674,3.43,,,,
5434,03/25/10 04:30:00 PM,74042,0.674,3.43,,,,
5435,03/25/10 05:00:00 PM,74015,0.674,3.43,,,,
5436,03/25/10 05:30:00 PM,74001,0.674,3.43,,,,
5437,03/25/10 06:00:00 PM,74015,0.674,3.43,,,,
5438,03/25/10 06:30:00 PM,74001,0.674,3.43,,,,
5439,03/25/10 07:00:00 PM,74001,0.674,3.43,,,,
5440,03/25/10 07:30:00 PM,73974,0.674,3.43,,,,
5441,03/25/10 08:00:00 PM,73988,0.674,3.43,,,,
5442,03/25/10 08:30:00 PM,73960,0.674,3.43,,,,
5443,03/25/10 09:00:00 PM,73974,0.674,3.43,,,,
5444,03/25/10 09:30:00 PM,73974,0.674,3.43,,,,
5445,03/25/10 10:00:00 PM,73919,0.674,3.43,,,,
5446,03/25/10 10:30:00 PM,73919,0.674,3.43,,,,
5447,03/25/10 11:00:00 PM,73865,0.563,3.43,,,,
5448,03/25/10 11:30:00 PM,73865,0.674,3.43,,,,
5449,03/26/10 12:00:00 AM,73823,0.674,3.43,,,,
5450,03/26/10 12:30:00 AM,73824,0.563,3.43,,,,
5451,03/26/10 01:00:00 AM,73797,0.563,3.43,,,,
5452,03/26/10 01:30:00 AM,73783,0.563,3.43,,,,
5453,03/26/10 02:00:00 AM,73755,0.563,3.43,,,,
5454,03/26/10 02:30:00 AM,73714,0.563,3.43,,,,
5455,03/26/10 03:00:00 AM,73687,0.563,3.43,,,,
5456,03/26/10 03:30:00 AM,73673,0.563,3.43,,,,
5457,03/26/10 04:00:00 AM,73660,0.563,3.43,,,,
5458,03/26/10 04:30:00 AM,73660,0.563,3.43,,,,
5459,03/26/10 05:00:00 AM,73632,0.563,3.43,,,,
5460,03/26/10 05:30:00 AM,73632,0.563,3.43,,,,
5461,03/26/10 06:00:00 AM,73591,0.563,3.43,,,,
5462,03/26/10 06:30:00 AM,73578,0.563,3.43,,,,
5463,03/26/10 07:00:00 AM,73536,0.563,3.43,,,,
5464,03/26/10 07:30:00 AM,73482,0.563,3.43,,,,
5465,03/26/10 08:00:00 AM,73482,0.563,3.43,,,,
5466,03/26/10 08:30:00 AM,73482,0.563,3.43,,,,
5467,03/26/10 09:00:00 AM,73441,0.563,3.43,,,,
5468,03/26/10 09:30:00 AM,73400,0.563,3.43,,,,
5469,03/26/10 10:00:00 AM,73386,0.563,3.43,,,,
5470,03/26/10 10:30:00 AM,73345,0.563,3.43,,,,
5471,03/26/10 11:00:00 AM,73290,0.563,3.43,,,,
5472,03/26/10 11:30:00 AM,73235,0.563,3.43,,,,
5473,03/26/10 12:00:00 PM,73222,0.563,3.43,,,,
5474,03/26/10 12:30:00 PM,73194,0.563,3.43,,,,
5475,03/26/10 01:00:00 PM,73139,0.674,3.43,,,,
5476,03/26/10 01:30:00 PM,73153,0.674,3.43,,,,
5477,03/26/10 02:00:00 PM,73139,0.674,3.43,,,,
5478,03/26/10 02:30:00 PM,73194,0.674,3.43,,,,
5479,03/26/10 03:00:00 PM,73167,0.563,3.43,,,,
5480,03/26/10 03:30:00 PM,73126,0.563,3.43,,,,
5481,03/26/10 04:00:00 PM,73166,0.674,3.43,,,,
5482,03/26/10 04:30:00 PM,73166,0.674,3.43,,,,
5483,03/26/10 05:00:00 PM,73181,0.563,3.43,,,,
5484,03/26/10 05:30:00 PM,73194,0.563,3.43,,,,
5485,03/26/10 06:00:00 PM,73222,0.563,3.43,,,,
5486,03/26/10 06:30:00 PM,73222,0.563,3.43,,,,
5487,03/26/10 07:00:00 PM,73235,0.563,3.43,,,,
5488,03/26/10 07:30:00 PM,73290,0.563,3.43,,,,
5489,03/26/10 08:00:00 PM,73345,0.563,3.43,,,,
5490,03/26/10 08:30:00 PM,73331,0.563,3.43,,,,
5491,03/26/10 09:00:00 PM,73345,0.563,3.43,,,,
5492,03/26/10 09:30:00 PM,73413,0.563,3.43,,,,
5493,03/26/10 10:00:00 PM,73454,0.563,3.43,,,,
5494,03/26/10 10:30:00 PM,73468,0.563,3.43,,,,
5495,03/26/10 11:00:00 PM,73468,0.563,3.43,,,,
5496,03/26/10 11:30:00 PM,73468,0.563,3.43,,,,
5497,03/27/10 12:00:00 AM,73482,0.563,3.43,,,,
5498,03/27/10 12:30:00 AM,73523,0.563,3.43,,,,
5499,03/27/10 01:00:00 AM,73509,0.563,3.43,,,,
5500,03/27/10 01:30:00 AM,73509,0.563,3.43,,,,
5501,03/27/10 02:00:00 AM,73509,0.563,3.43,,,,
5502,03/27/10 02:30:00 AM,73509,0.563,3.43,,,,
5503,03/27/10 03:00:00 AM,73523,0.563,3.43,,,,
5504,03/27/10 03:30:00 AM,73536,0.563,3.43,,,,
5505,03/27/10 04:00:00 AM,73578,0.563,3.43,,,,
5506,03/27/10 04:30:00 AM,73578,0.563,3.43,,,,
5507,03/27/10 05:00:00 AM,73619,0.563,3.43,,,,
5508,03/27/10 05:30:00 AM,73660,0.563,3.43,,,,
5509,03/27/10 06:00:00 AM,73660,0.563,3.43,,,,
5510,03/27/10 06:30:00 AM,73687,0.563,3.43,,,,
5511,03/27/10 07:00:00 AM,73714,0.563,3.43,,,,
5512,03/27/10 07:30:00 AM,73755,0.563,3.43,,,,
5513,03/27/10 08:00:00 AM,73810,0.563,3.43,,,,
5514,03/27/10 08:30:00 AM,73838,0.563,3.43,,,,
5515,03/27/10 09:00:00 AM,73892,0.563,3.43,,,,
5516,03/27/10 09:30:00 AM,73961,0.563,3.43,,,,
5517,03/27/10 10:00:00 AM,74016,0.563,3.43,,,,
5518,03/27/10 10:30:00 AM,74029,0.563,3.43,,,,
5519,03/27/10 11:00:00 AM,74070,0.563,3.43,,,,
5520,03/27/10 11:30:00 AM,74070,0.563,3.43,,,,
5521,03/27/10 12:00:00 PM,74084,0.563,3.43,,,,
5522,03/27/10 12:30:00 PM,74111,0.563,3.43,,,,
5523,03/27/10 01:00:00 PM,74125,0.563,3.43,,,,
5524,03/27/10 01:30:00 PM,74180,0.563,3.43,,,,
5525,03/27/10 02:00:00 PM,74152,0.563,3.43,,,,
5526,03/27/10 02:30:00 PM,74166,0.563,3.43,,,,
5527,03/27/10 03:00:00 PM,74235,0.563,3.43,,,,
5528,03/27/10 03:30:00 PM,74262,0.563,3.43,,,,
5529,03/27/10 04:00:00 PM,74248,0.563,3.43,,,,
5530,03/27/10 04:30:00 PM,74289,0.563,3.43,,,,
5531,03/27/10 05:00:00 PM,74303,0.563,3.43,,,,
5532,03/27/10 05:30:00 PM,74303,0.563,3.43,,,,
5533,03/27/10 06:00:00 PM,74344,0.563,3.43,,,,
5534,03/27/10 06:30:00 PM,74371,0.563,3.43,,,,
5535,03/27/10 07:00:00 PM,74426,0.563,3.43,,,,
5536,03/27/10 07:30:00 PM,74467,0.563,3.43,,,,
5537,03/27/10 08:00:00 PM,74508,0.563,3.43,,,,
5538,03/27/10 08:30:00 PM,74536,0.563,3.43,,,,
5539,03/27/10 09:00:00 PM,74549,0.563,3.43,,,,
5540,03/27/10 09:30:00 PM,74577,0.563,3.43,,,,
5541,03/27/10 10:00:00 PM,74591,0.563,3.43,,,,
5542,03/27/10 10:30:00 PM,74618,0.563,3.43,,,,
5543,03/27/10 11:00:00 PM,74632,0.563,3.43,,,,
5544,03/27/10 11:30:00 PM,74645,0.563,3.43,,,,
5545,03/28/10 12:00:00 AM,74659,0.563,3.43,,,,
5546,03/28/10 12:30:00 AM,74686,0.563,3.43,,,,
5547,03/28/10 01:00:00 AM,74645,0.563,3.43,,,,
5548,03/28/10 01:30:00 AM,74686,0.563,3.43,,,,
5549,03/28/10 02:00:00 AM,74659,0.563,3.43,,,,
5550,03/28/10 02:30:00 AM,74659,0.563,3.43,,,,
5551,03/28/10 03:00:00 AM,74673,0.563,3.43,,,,
5552,03/28/10 03:30:00 AM,74659,0.563,3.43,,,,
5553,03/28/10 04:00:00 AM,74659,0.563,3.43,,,,
5554,03/28/10 04:30:00 AM,74659,0.563,3.43,,,,
5555,03/28/10 05:00:00 AM,74673,0.563,3.43,,,,
5556,03/28/10 05:30:00 AM,74673,0.563,3.43,,,,
5557,03/28/10 06:00:00 AM,74700,0.563,3.43,,,,
5558,03/28/10 06:30:00 AM,74714,0.563,3.43,,,,
5559,03/28/10 07:00:00 AM,74741,0.563,3.43,,,,
5560,03/28/10 07:30:00 AM,74769,0.563,3.43,,,,
5561,03/28/10 08:00:00 AM,74782,0.563,3.43,,,,
5562,03/28/10 08:30:00 AM,74782,0.563,3.43,,,,
5563,03/28/10 09:00:00 AM,74796,0.563,3.43,,,,
5564,03/28/10 09:30:00 AM,74782,0.563,3.43,,,,
5565,03/28/10 10:00:00 AM,74782,0.563,3.43,,,,
5566,03/28/10 10:30:00 AM,74796,0.563,3.43,,,,
5567,03/28/10 11:00:00 AM,74769,0.563,3.43,,,,
5568,03/28/10 11:30:00 AM,74755,0.563,3.43,,,,
5569,03/28/10 12:00:00 PM,74741,0.563,3.43,,,,
5570,03/28/10 12:30:00 PM,74714,0.563,3.43,,,,
5571,03/28/10 01:00:00 PM,74700,0.563,3.43,,,,
5572,03/28/10 01:30:00 PM,74700,0.563,3.43,,,,
5573,03/28/10 02:00:00 PM,74700,0.563,3.43,,,,
5574,03/28/10 02:30:00 PM,74686,0.563,3.43,,,,
5575,03/28/10 03:00:00 PM,74700,0.563,3.43,,,,
5576,03/28/10 03:30:00 PM,74673,0.563,3.43,,,,
5577,03/28/10 04:00:00 PM,74686,0.563,3.43,,,,
5578,03/28/10 04:30:00 PM,74686,0.563,3.43,,,,
5579,03/28/10 05:00:00 PM,74686,0.563,3.43,,,,
5580,03/28/10 05:30:00 PM,74700,0.563,3.43,,,,
5581,03/28/10 06:00:00 PM,74700,0.563,3.43,,,,
5582,03/28/10 06:30:00 PM,74700,0.563,3.43,,,,
5583,03/28/10 07:00:00 PM,74700,0.563,3.43,,,,
5584,03/28/10 07:30:00 PM,74727,0.563,3.43,,,,
5585,03/28/10 08:00:00 PM,74741,0.563,3.43,,,,
5586,03/28/10 08:30:00 PM,74741,0.563,3.43,,,,
5587,03/28/10 09:00:00 PM,74741,0.563,3.43,,,,
5588,03/28/10 09:30:00 PM,74741,0.563,3.43,,,,
5589,03/28/10 10:00:00 PM,74741,0.563,3.43,,,,
5590,03/28/10 10:30:00 PM,74727,0.563,3.43,,,,
5591,03/28/10 11:00:00 PM,74727,0.563,3.43,,,,
5592,03/28/10 11:30:00 PM,74714,0.563,3.43,,,,
5593,03/29/10 12:00:00 AM,74727,0.563,3.43,,,,
5594,03/29/10 12:30:00 AM,74686,0.563,3.43,,,,
5595,03/29/10 01:00:00 AM,74645,0.563,3.43,,,,
5596,03/29/10 01:30:00 AM,74618,0.563,3.43,,,,
5597,03/29/10 02:00:00 AM,74591,0.563,3.43,,,,
5598,03/29/10 02:30:00 AM,74577,0.563,3.43,,,,
5599,03/29/10 03:00:00 AM,74549,0.563,3.43,,,,
5600,03/29/10 03:30:00 AM,74522,0.563,3.43,,,,
5601,03/29/10 04:00:00 AM,74508,0.563,3.43,,,,
5602,03/29/10 04:30:00 AM,74495,0.563,3.43,,,,
5603,03/29/10 05:00:00 AM,74481,0.563,3.43,,,,
5604,03/29/10 05:30:00 AM,74481,0.563,3.43,,,,
5605,03/29/10 06:00:00 AM,74481,0.563,3.43,,,,
5606,03/29/10 06:30:00 AM,74481,0.563,3.43,,,,
5607,03/29/10 07:00:00 AM,74495,0.563,3.43,,,,
5608,03/29/10 07:30:00 AM,74495,0.563,3.43,,,,
5609,03/29/10 08:00:00 AM,74481,0.563,3.43,,,,
5610,03/29/10 08:30:00 AM,74481,0.563,3.43,,,,
5611,03/29/10 09:00:00 AM,74495,0.453,3.43,,,,
5612,03/29/10 09:30:00 AM,74495,0.453,3.43,,,,
5613,03/29/10 10:00:00 AM,74481,0.453,3.43,,,,
5614,03/29/10 10:30:00 AM,74467,0.563,3.43,,,,
5615,03/29/10 11:00:00 AM,74426,0.563,3.43,,,,
5616,03/29/10 11:30:00 AM,74399,0.563,3.43,,,,
5617,03/29/10 12:00:00 PM,74371,0.563,3.43,,,,
5618,03/29/10 12:30:00 PM,74344,0.563,3.43,,,,
5619,03/29/10 01:00:00 PM,74330,0.563,3.43,,,,
5620,03/29/10 01:30:00 PM,74330,0.563,3.43,,,,
5621,03/29/10 02:00:00 PM,74303,0.563,3.43,,,,
5622,03/29/10 02:30:00 PM,74289,0.563,3.43,,,,
5623,03/29/10 03:00:00 PM,74289,0.563,3.43,,,,
5624,03/29/10 03:30:00 PM,74317,0.563,3.43,,,,
5625,03/29/10 04:00:00 PM,74344,0.563,3.43,,,,
5626,03/29/10 04:30:00 PM,74385,0.563,3.43,,,,
5627,03/29/10 05:00:00 PM,74413,0.563,3.43,,,,
5628,03/29/10 05:30:00 PM,74413,0.563,3.43,,,,
5629,03/29/10 06:00:00 PM,74440,0.563,3.43,,,,
5630,03/29/10 06:30:00 PM,74440,0.563,3.43,,,,
5631,03/29/10 07:00:00 PM,74440,0.563,3.43,,,,
5632,03/29/10 07:30:00 PM,74440,0.563,3.43,,,,
5633,03/29/10 08:00:00 PM,74426,0.563,3.43,,,,
5634,03/29/10 08:30:00 PM,74440,0.563,3.43,,,,
5635,03/29/10 09:00:00 PM,74413,0.563,3.43,,,,
5636,03/29/10 09:30:00 PM,74426,0.563,3.43,,,,
5637,03/29/10 10:00:00 PM,74399,0.563,3.43,,,,
5638,03/29/10 10:30:00 PM,74371,0.563,3.43,,,,
5639,03/29/10 11:00:00 PM,74344,0.563,3.43,,,,
5640,03/29/10 11:30:00 PM,74317,0.563,3.43,,,,
5641,03/30/10 12:00:00 AM,74289,0.563,3.43,,,,
5642,03/30/10 12:30:00 AM,74276,0.563,3.43,,,,
5643,03/30/10 01:00:00 AM,74248,0.563,3.43,,,,
5644,03/30/10 01:30:00 AM,74221,0.563,3.43,,,,
5645,03/30/10 02:00:00 AM,74207,0.563,3.43,,,,
5646,03/30/10 02:30:00 AM,74152,0.563,3.43,,,,
5647,03/30/10 03:00:00 AM,74111,0.563,3.43,,,,
5648,03/30/10 03:30:00 AM,74125,0.563,3.43,,,,
5649,03/30/10 04:00:00 AM,74111,0.563,3.43,,,,
5650,03/30/10 04:30:00 AM,74125,0.563,3.43,,,,
5651,03/30/10 05:00:00 AM,74111,0.563,3.43,,,,
5652,03/30/10 05:30:00 AM,74152,0.563,3.43,,,,
5653,03/30/10 06:00:00 AM,74152,0.563,3.43,,,,
5654,03/30/10 06:30:00 AM,74139,0.563,3.43,,,,
5655,03/30/10 07:00:00 AM,74139,0.563,3.43,,,,
5656,03/30/10 07:30:00 AM,74125,0.563,3.43,,,,
5657,03/30/10 08:00:00 AM,74125,0.563,3.43,,,,
5658,03/30/10 08:30:00 AM,74084,0.563,3.43,,,,
5659,03/30/10 09:00:00 AM,74070,0.563,3.43,,,,
5660,03/30/10 09:30:00 AM,74098,0.563,3.43,,,,
5661,03/30/10 10:00:00 AM,74139,0.563,3.43,,,,
5662,03/30/10 10:30:00 AM,74098,0.563,3.43,,,,
5663,03/30/10 11:00:00 AM,74057,0.563,3.43,,,,
5664,03/30/10 11:30:00 AM,74057,0.563,3.43,,,,
5665,03/30/10 12:00:00 PM,74043,0.563,3.43,,,,
5666,03/30/10 12:30:00 PM,74043,0.563,3.43,,,,
5667,03/30/10 01:00:00 PM,74002,0.563,3.43,,,,
5668,03/30/10 01:30:00 PM,74043,0.563,3.43,,,,
5669,03/30/10 02:00:00 PM,74043,0.563,3.43,,,,
5670,03/30/10 02:30:00 PM,74098,0.563,3.43,,,,
5671,03/30/10 03:00:00 PM,74234,0.674,3.43,,,,
5672,03/30/10 03:30:00 PM,74330,0.563,3.43,,,,
5673,03/30/10 04:00:00 PM,74371,0.563,3.43,,,,
5674,03/30/10 04:30:00 PM,74399,0.563,3.43,,,,
5675,03/30/10 05:00:00 PM,74426,0.563,3.43,,,,
5676,03/30/10 05:30:00 PM,74467,0.563,3.43,,,,
5677,03/30/10 06:00:00 PM,74454,0.563,3.43,,,,
5678,03/30/10 06:30:00 PM,74440,0.563,3.43,,,,
5679,03/30/10 07:00:00 PM,74413,0.563,3.43,,,,
5680,03/30/10 07:30:00 PM,74426,0.563,3.43,,,,
5681,03/30/10 08:00:00 PM,74413,0.563,3.43,,,,
5682,03/30/10 08:30:00 PM,74413,0.563,3.43,,,,
5683,03/30/10 09:00:00 PM,74399,0.563,3.43,,,,
5684,03/30/10 09:30:00 PM,74385,0.563,3.43,,,,
5685,03/30/10 10:00:00 PM,74413,0.563,3.43,,,,
5686,03/30/10 10:30:00 PM,74385,0.563,3.43,,,,
5687,03/30/10 11:00:00 PM,74385,0.563,3.43,,,,
5688,03/30/10 11:30:00 PM,74358,0.563,3.43,,,,
5689,03/31/10 12:00:00 AM,74330,0.563,3.43,,,,
5690,03/31/10 12:30:00 AM,74303,0.563,3.43,,,,
5691,03/31/10 01:00:00 AM,74303,0.563,3.43,,,,
5692,03/31/10 01:30:00 AM,74289,0.563,3.43,,,,
5693,03/31/10 02:00:00 AM,74262,0.563,3.43,,,,
5694,03/31/10 02:30:00 AM,74235,0.563,3.43,,,,
5695,03/31/10 03:00:00 AM,74207,0.563,3.43,,,,
5696,03/31/10 03:30:00 AM,74180,0.563,3.43,,,,
5697,03/31/10 04:00:00 AM,74152,0.563,3.43,,,,
5698,03/31/10 04:30:00 AM,74139,0.563,3.43,,,,
5699,03/31/10 05:00:00 AM,74139,0.563,3.43,,,,
5700,03/31/10 05:30:00 AM,74125,0.563,3.43,,,,
5701,03/31/10 06:00:00 AM,74111,0.563,3.43,,,,
5702,03/31/10 06:30:00 AM,74125,0.563,3.43,,,,
5703,03/31/10 07:00:00 AM,74152,0.563,3.43,,,,
5704,03/31/10 07:30:00 AM,74166,0.563,3.43,,,,
5705,03/31/10 08:00:00 AM,74180,0.563,3.43,,,,
5706,03/31/10 08:30:00 AM,74166,0.563,3.43,,,,
5707,03/31/10 09:00:00 AM,74152,0.563,3.43,,,,
5708,03/31/10 09:30:00 AM,74180,0.563,3.43,,,,
5709,03/31/10 10:00:00 AM,74152,0.563,3.43,,,,
5710,03/31/10 10:30:00 AM,74139,0.563,3.43,,,,
5711,03/31/10 11:00:00 AM,74139,0.563,3.43,,,,
5712,03/31/10 11:30:00 AM,74098,0.563,3.43,,,,
5713,03/31/10 12:00:00 PM,74070,0.563,3.43,,,,
5714,03/31/10 12:30:00 PM,74057,0.563,3.43,,,,
5715,03/31/10 01:00:00 PM,74043,0.563,3.43,,,,
5716,03/31/10 01:30:00 PM,74043,0.563,3.43,,,,
5717,03/31/10 02:00:00 PM,74002,0.563,3.43,,,,
5718,03/31/10 02:30:00 PM,73988,0.563,3.43,,,,
5719,03/31/10 03:00:00 PM,74029,0.563,3.43,,,,
5720,03/31/10 03:30:00 PM,74043,0.563,3.43,,,,
5721,03/31/10 04:00:00 PM,74084,0.674,3.43,,,,
5722,03/31/10 04:30:00 PM,74138,0.674,3.43,,,,
5723,03/31/10 05:00:00 PM,74166,0.674,3.43,,,,
5724,03/31/10 05:30:00 PM,74179,0.674,3.43,,,,
5725,03/31/10 06:00:00 PM,74207,0.563,3.43,,,,
5726,03/31/10 06:30:00 PM,74207,0.563,3.43,,,,
5727,03/31/10 07:00:00 PM,74194,0.563,3.43,,,,
5728,03/31/10 07:30:00 PM,74207,0.563,3.43,,,,
5729,03/31/10 08:00:00 PM,74180,0.563,3.43,,,,
5730,03/31/10 08:30:00 PM,74194,0.563,3.43,,,,
5731,03/31/10 09:00:00 PM,74166,0.563,3.43,,,,
5732,03/31/10 09:30:00 PM,74152,0.563,3.43,,,,
5733,03/31/10 10:00:00 PM,74125,0.563,3.43,,,,
5734,03/31/10 10:30:00 PM,74084,0.563,3.43,,,,
5735,03/31/10 11:00:00 PM,74057,0.563,3.43,,,,
5736,03/31/10 11:30:00 PM,74029,0.563,3.43,,,,
5737,04/01/10 12:00:00 AM,74016,0.563,3.43,,,,
5738,04/01/10 12:30:00 AM,73988,0.563,3.43,,,,
5739,04/01/10 01:00:00 AM,73933,0.563,3.43,,,,
5740,04/01/10 01:30:00 AM,73879,0.563,3.43,,,,
5741,04/01/10 02:00:00 AM,73824,0.563,3.43,,,,
5742,04/01/10 02:30:00 AM,73783,0.563,3.43,,,,
5743,04/01/10 03:00:00 AM,73755,0.563,3.43,,,,
5744,04/01/10 03:30:00 AM,73742,0.563,3.43,,,,
5745,04/01/10 04:00:00 AM,73701,0.563,3.43,,,,
5746,04/01/10 04:30:00 AM,73660,0.563,3.43,,,,
5747,04/01/10 05:00:00 AM,73660,0.563,3.43,,,,
5748,04/01/10 05:30:00 AM,73646,0.563,3.43,,,,
5749,04/01/10 06:00:00 AM,73619,0.563,3.43,,,,
5750,04/01/10 06:30:00 AM,73578,0.563,3.43,,,,
5751,04/01/10 07:00:00 AM,73550,0.563,3.43,,,,
5752,04/01/10 07:30:00 AM,73536,0.563,3.43,,,,
5753,04/01/10 08:00:00 AM,73523,0.563,3.43,,,,
5754,04/01/10 08:30:00 AM,73468,0.563,3.43,,,,
5755,04/01/10 09:00:00 AM,73495,0.563,3.43,,,,
5756,04/01/10 09:30:00 AM,73454,0.563,3.43,,,,
5757,04/01/10 10:00:00 AM,73454,0.563,3.43,,,,
5758,04/01/10 10:30:00 AM,73482,0.563,3.43,,,,
5759,04/01/10 11:00:00 AM,73495,0.563,3.43,,,,
5760,04/01/10 11:30:00 AM,73482,0.563,3.43,,,,
5761,04/01/10 12:00:00 PM,73509,0.563,3.43,,,,
5762,04/01/10 12:30:00 PM,73550,0.563,3.43,,,,
5763,04/01/10 01:00:00 PM,73523,0.563,3.43,,,,
5764,04/01/10 01:30:00 PM,73454,0.563,3.43,,,,
5765,04/01/10 02:00:00 PM,73468,0.563,3.43,,,,
5766,04/01/10 02:30:00 PM,73441,0.563,3.43,,,,
5767,04/01/10 03:00:00 PM,73427,0.563,3.43,,,,
5768,04/01/10 03:30:00 PM,73400,0.563,3.43,,,,
5769,04/01/10 04:00:00 PM,73386,0.563,3.43,,,,
5770,04/01/10 04:30:00 PM,73413,0.563,3.43,,,,
5771,04/01/10 05:00:00 PM,73372,0.563,3.43,,,,
5772,04/01/10 05:30:00 PM,73386,0.563,3.43,,,,
5773,04/01/10 06:00:00 PM,73413,0.563,3.43,,,,
5774,04/01/10 06:30:00 PM,73413,0.563,3.43,,,,
5775,04/01/10 07:00:00 PM,73413,0.563,3.43,,,,
5776,04/01/10 07:30:00 PM,73468,0.563,3.43,,,,
5777,04/01/10 08:00:00 PM,73468,0.563,3.43,,,,
5778,04/01/10 08:30:00 PM,73523,0.563,3.43,,,,
5779,04/01/10 09:00:00 PM,73536,0.563,3.43,,,,
5780,04/01/10 09:30:00 PM,73536,0.563,3.43,,,,
5781,04/01/10 10:00:00 PM,73523,0.563,3.43,,,,
5782,04/01/10 10:30:00 PM,73523,0.563,3.43,,,,
5783,04/01/10 11:00:00 PM,73523,0.563,3.43,,,,
5784,04/01/10 11:30:00 PM,73509,0.563,3.43,,,,
5785,04/02/10 12:00:00 AM,73509,0.563,3.43,,,,
5786,04/02/10 12:30:00 AM,73536,0.563,3.43,,,,
5787,04/02/10 01:00:00 AM,73523,0.563,3.43,,,,
5788,04/02/10 01:30:00 AM,73536,0.563,3.43,,,,
5789,04/02/10 02:00:00 AM,73536,0.563,3.43,,,,
5790,04/02/10 02:30:00 AM,73509,0.563,3.43,,,,
5791,04/02/10 03:00:00 AM,73509,0.563,3.43,,,,
5792,04/02/10 03:30:00 AM,73523,0.563,3.43,,,,
5793,04/02/10 04:00:00 AM,73536,0.563,3.43,,,,
5794,04/02/10 04:30:00 AM,73564,0.563,3.43,,,,
5795,04/02/10 05:00:00 AM,73578,0.563,3.43,,,,
5796,04/02/10 05:30:00 AM,73591,0.563,3.43,,,,
5797,04/02/10 06:00:00 AM,73578,0.563,3.43,,,,
5798,04/02/10 06:30:00 AM,73591,0.563,3.43,,,,
5799,04/02/10 07:00:00 AM,73578,0.563,3.43,,,,
5800,04/02/10 07:30:00 AM,73619,0.563,3.43,,,,
5801,04/02/10 08:00:00 AM,73619,0.563,3.43,,,,
5802,04/02/10 08:30:00 AM,73632,0.563,3.43,,,,
5803,04/02/10 09:00:00 AM,73646,0.563,3.43,,,,
5804,04/02/10 09:30:00 AM,73687,0.563,3.43,,,,
5805,04/02/10 10:00:00 AM,73714,0.563,3.43,,,,
5806,04/02/10 10:30:00 AM,73701,0.563,3.43,,,,
5807,04/02/10 11:00:00 AM,73687,0.563,3.43,,,,
5808,04/02/10 11:30:00 AM,73742,0.563,3.43,,,,
5809,04/02/10 12:00:00 PM,73728,0.563,3.43,,,,
5810,04/02/10 12:30:00 PM,73769,0.563,3.43,,,,
5811,04/02/10 01:00:00 PM,73742,0.563,3.43,,,,
5812,04/02/10 01:30:00 PM,73755,0.563,3.43,,,,
5813,04/02/10 02:00:00 PM,73783,0.563,3.43,,,,
5814,04/02/10 02:30:00 PM,73783,0.563,3.43,,,,
5815,04/02/10 03:00:00 PM,73810,0.563,3.43,,,,
5816,04/02/10 03:30:00 PM,73810,0.563,3.43,,,,
5817,04/02/10 04:00:00 PM,73824,0.563,3.43,,,,
5818,04/02/10 04:30:00 PM,73824,0.563,3.43,,,,
5819,04/02/10 05:00:00 PM,73851,0.563,3.43,,,,
5820,04/02/10 05:30:00 PM,73879,0.563,3.43,,,,
5821,04/02/10 06:00:00 PM,73892,0.563,3.43,,,,
5822,04/02/10 06:30:00 PM,73933,0.563,3.43,,,,
5823,04/02/10 07:00:00 PM,73947,0.563,3.43,,,,
5824,04/02/10 07:30:00 PM,73961,0.563,3.43,,,,
5825,04/02/10 08:00:00 PM,73988,0.563,3.43,,,,
5826,04/02/10 08:30:00 PM,74002,0.563,3.43,,,,
5827,04/02/10 09:00:00 PM,73988,0.563,3.43,,,,
5828,04/02/10 09:30:00 PM,73988,0.563,3.43,,,,
5829,04/02/10 10:00:00 PM,73974,0.563,3.43,,,,
5830,04/02/10 10:30:00 PM,73974,0.563,3.43,,,,
5831,04/02/10 11:00:00 PM,73961,0.563,3.43,,,,
5832,04/02/10 11:30:00 PM,73988,0.563,3.43,,,,
5833,04/03/10 12:00:00 AM,73961,0.563,3.43,,,,
5834,04/03/10 12:30:00 AM,73961,0.563,3.43,,,,
5835,04/03/10 01:00:00 AM,73920,0.563,3.43,,,,
5836,04/03/10 01:30:00 AM,73906,0.563,3.43,,,,
5837,04/03/10 02:00:00 AM,73865,0.563,3.43,,,,
5838,04/03/10 02:30:00 AM,73879,0.563,3.43,,,,
5839,04/03/10 03:00:00 AM,73851,0.563,3.43,,,,
5840,04/03/10 03:30:00 AM,73851,0.563,3.43,,,,
5841,04/03/10 04:00:00 AM,73851,0.563,3.43,,,,
5842,04/03/10 04:30:00 AM,73810,0.563,3.43,,,,
5843,04/03/10 05:00:00 AM,73824,0.563,3.43,,,,
5844,04/03/10 05:30:00 AM,73879,0.563,3.43,,,,
5845,04/03/10 06:00:00 AM,73879,0.563,3.43,,,,
5846,04/03/10 06:30:00 AM,73906,0.563,3.43,,,,
5847,04/03/10 07:00:00 AM,73920,0.563,3.43,,,,
5848,04/03/10 07:30:00 AM,73920,0.563,3.43,,,,
5849,04/03/10 08:00:00 AM,73947,0.563,3.43,,,,
5850,04/03/10 08:30:00 AM,73933,0.563,3.43,,,,
5851,04/03/10 09:00:00 AM,73947,0.563,3.43,,,,
5852,04/03/10 09:30:00 AM,73947,0.563,3.43,,,,
5853,04/03/10 10:00:00 AM,73961,0.563,3.43,,,,
5854,04/03/10 10:30:00 AM,73961,0.563,3.43,,,,
5855,04/03/10 11:00:00 AM,73933,0.563,3.43,,,,
5856,04/03/10 11:30:00 AM,73961,0.563,3.43,,,,
5857,04/03/10 12:00:00 PM,73961,0.563,3.43,,,,
5858,04/03/10 12:30:00 PM,73906,0.563,3.43,,,,
5859,04/03/10 01:00:00 PM,73933,0.563,3.43,,,,
5860,04/03/10 01:30:00 PM,73906,0.563,3.43,,,,
5861,04/03/10 02:00:00 PM,73906,0.563,3.43,,,,
5862,04/03/10 02:30:00 PM,73906,0.563,3.43,,,,
5863,04/03/10 03:00:00 PM,73892,0.563,3.43,,,,
5864,04/03/10 03:30:00 PM,73892,0.563,3.43,,,,
5865,04/03/10 04:00:00 PM,73892,0.563,3.43,,,,
5866,04/03/10 04:30:00 PM,73906,0.563,3.43,,,,
5867,04/03/10 05:00:00 PM,73920,0.563,3.43,,,,
5868,04/03/10 05:30:00 PM,73933,0.563,3.43,,,,
5869,04/03/10 06:00:00 PM,73947,0.563,3.43,,,,
5870,04/03/10 06:30:00 PM,73947,0.563,3.43,,,,
5871,04/03/10 07:00:00 PM,73933,0.563,3.43,,,,
5872,04/03/10 07:30:00 PM,73947,0.563,3.43,,,,
5873,04/03/10 08:00:00 PM,73961,0.563,3.43,,,,
5874,04/03/10 08:30:00 PM,73974,0.563,3.43,,,,
5875,04/03/10 09:00:00 PM,73974,0.563,3.43,,,,
5876,04/03/10 09:30:00 PM,73988,0.563,3.43,,,,
5877,04/03/10 10:00:00 PM,73988,0.563,3.43,,,,
5878,04/03/10 10:30:00 PM,73974,0.563,3.43,,,,
5879,04/03/10 11:00:00 PM,73988,0.563,3.43,,,,
5880,04/03/10 11:30:00 PM,73988,0.563,3.43,,,,
5881,04/04/10 12:00:00 AM,73988,0.563,3.43,,,,
5882,04/04/10 12:30:00 AM,73974,0.563,3.43,,,,
5883,04/04/10 01:00:00 AM,73988,0.563,3.43,,,,
5884,04/04/10 01:30:00 AM,73988,0.563,3.43,,,,
5885,04/04/10 02:00:00 AM,73961,0.563,3.43,,,,
5886,04/04/10 02:30:00 AM,73974,0.563,3.43,,,,
5887,04/04/10 03:00:00 AM,73988,0.563,3.43,,,,
5888,04/04/10 03:30:00 AM,74002,0.563,3.43,,,,
5889,04/04/10 04:00:00 AM,73988,0.563,3.43,,,,
5890,04/04/10 04:30:00 AM,73988,0.563,3.43,,,,
5891,04/04/10 05:00:00 AM,74016,0.563,3.43,,,,
5892,04/04/10 05:30:00 AM,74043,0.563,3.43,,,,
5893,04/04/10 06:00:00 AM,74016,0.563,3.43,,,,
5894,04/04/10 06:30:00 AM,74057,0.563,3.43,,,,
5895,04/04/10 07:00:00 AM,74057,0.563,3.43,,,,
5896,04/04/10 07:30:00 AM,74084,0.563,3.43,,,,
5897,04/04/10 08:00:00 AM,74098,0.563,3.43,,,,
5898,04/04/10 08:30:00 AM,74139,0.563,3.43,,,,
5899,04/04/10 09:00:00 AM,74166,0.563,3.43,,,,
5900,04/04/10 09:30:00 AM,74166,0.563,3.43,,,,
5901,04/04/10 10:00:00 AM,74180,0.563,3.43,,,,
5902,04/04/10 10:30:00 AM,74194,0.563,3.43,,,,
5903,04/04/10 11:00:00 AM,74194,0.563,3.43,,,,
5904,04/04/10 11:30:00 AM,74207,0.563,3.43,,,,
5905,04/04/10 12:00:00 PM,74207,0.563,3.43,,,,
5906,04/04/10 12:30:00 PM,74221,0.563,3.43,,,,
5907,04/04/10 01:00:00 PM,74221,0.563,3.43,,,,
5908,04/04/10 01:30:00 PM,74248,0.563,3.43,,,,
5909,04/04/10 02:00:00 PM,74262,0.563,3.43,,,,
5910,04/04/10 02:30:00 PM,74303,0.674,3.43,,,,
5911,04/04/10 03:00:00 PM,74344,0.674,3.43,,,,
5912,04/04/10 03:30:00 PM,74412,0.674,3.43,,,,
5913,04/04/10 04:00:00 PM,74453,0.674,3.43,,,,
5914,04/04/10 04:30:00 PM,74481,0.674,3.43,,,,
5915,04/04/10 05:00:00 PM,74508,0.674,3.43,,,,
5916,04/04/10 05:30:00 PM,74535,0.674,3.43,,,,
5917,04/04/10 06:00:00 PM,74535,0.674,3.43,,,,
5918,04/04/10 06:30:00 PM,74563,0.674,3.43,,,,
5919,04/04/10 07:00:00 PM,74576,0.674,3.43,,,,
5920,04/04/10 07:30:00 PM,74590,0.674,3.43,,,,
5921,04/04/10 08:00:00 PM,74604,0.674,3.43,,,,
5922,04/04/10 08:30:00 PM,74618,0.563,3.43,,,,
5923,04/04/10 09:00:00 PM,74617,0.674,3.43,,,,
5924,04/04/10 09:30:00 PM,74604,0.563,3.43,,,,
5925,04/04/10 10:00:00 PM,74604,0.563,3.43,,,,
5926,04/04/10 10:30:00 PM,74591,0.563,3.43,,,,
5927,04/04/10 11:00:00 PM,74577,0.563,3.43,,,,
5928,04/04/10 11:30:00 PM,74563,0.563,3.43,,,,
5929,04/05/10 12:00:00 AM,74549,0.563,3.43,,,,
5930,04/05/10 12:30:00 AM,74522,0.563,3.43,,,,
5931,04/05/10 01:00:00 AM,74508,0.563,3.43,,,,
5932,04/05/10 01:30:00 AM,74454,0.563,3.43,,,,
5933,04/05/10 02:00:00 AM,74413,0.563,3.43,,,,
5934,04/05/10 02:30:00 AM,74399,0.563,3.43,,,,
5935,04/05/10 03:00:00 AM,74371,0.563,3.43,,,,
5936,04/05/10 03:30:00 AM,74358,0.563,3.43,,,,
5937,04/05/10 04:00:00 AM,74358,0.563,3.43,,,,
5938,04/05/10 04:30:00 AM,74344,0.563,3.43,,,,
5939,04/05/10 05:00:00 AM,74344,0.563,3.43,,,,
5940,04/05/10 05:30:00 AM,74358,0.563,3.43,,,,
5941,04/05/10 06:00:00 AM,74358,0.563,3.43,,,,
5942,04/05/10 06:30:00 AM,74358,0.563,3.43,,,,
5943,04/05/10 07:00:00 AM,74371,0.563,3.43,,,,
5944,04/05/10 07:30:00 AM,74371,0.563,3.43,,,,
5945,04/05/10 08:00:00 AM,74344,0.563,3.43,,,,
5946,04/05/10 08:30:00 AM,74344,0.563,3.43,,,,
5947,04/05/10 09:00:00 AM,74330,0.563,3.43,,,,
5948,04/05/10 09:30:00 AM,74317,0.563,3.43,,,,
5949,04/05/10 10:00:00 AM,74303,0.563,3.43,,,,
5950,04/05/10 10:30:00 AM,74276,0.563,3.43,,,,
5951,04/05/10 11:00:00 AM,74262,0.563,3.43,,,,
5952,04/05/10 11:30:00 AM,74221,0.563,3.43,,,,
5953,04/05/10 12:00:00 PM,74207,0.563,3.43,,,,
5954,04/05/10 12:30:00 PM,74207,0.563,3.43,,,,
5955,04/05/10 01:00:00 PM,74180,0.563,3.43,,,,
5956,04/05/10 01:30:00 PM,74193,0.674,3.43,,,,
5957,04/05/10 02:00:00 PM,74248,0.674,3.43,,,,
5958,04/05/10 02:30:00 PM,74303,0.674,3.43,,,,
5959,04/05/10 03:00:00 PM,74357,0.674,3.43,,,,
5960,04/05/10 03:30:00 PM,74398,0.674,3.43,,,,
5961,04/05/10 04:00:00 PM,74481,0.674,3.43,,,,
5962,04/05/10 04:30:00 PM,74508,0.563,3.43,,,,
5963,04/05/10 05:00:00 PM,74522,0.563,3.43,,,,
5964,04/05/10 05:30:00 PM,74536,0.563,3.43,,,,
5965,04/05/10 06:00:00 PM,74536,0.563,3.43,,,,
5966,04/05/10 06:30:00 PM,74508,0.563,3.43,,,,
5967,04/05/10 07:00:00 PM,74522,0.563,3.43,,,,
5968,04/05/10 07:30:00 PM,74467,0.563,3.43,,,,
5969,04/05/10 08:00:00 PM,74467,0.563,3.43,,,,
5970,04/05/10 08:30:00 PM,74467,0.563,3.43,,,,
5971,04/05/10 09:00:00 PM,74481,0.563,3.43,,,,
5972,04/05/10 09:30:00 PM,74467,0.563,3.43,,,,
5973,04/05/10 10:00:00 PM,74467,0.563,3.43,,,,
5974,04/05/10 10:30:00 PM,74440,0.563,3.43,,,,
5975,04/05/10 11:00:00 PM,74426,0.563,3.43,,,,
5976,04/05/10 11:30:00 PM,74426,0.563,3.43,,,,
5977,04/06/10 12:00:00 AM,74399,0.563,3.43,,,,
5978,04/06/10 12:30:00 AM,74385,0.563,3.43,,,,
5979,04/06/10 01:00:00 AM,74330,0.563,3.43,,,,
5980,04/06/10 01:30:00 AM,74289,0.563,3.43,,,,
5981,04/06/10 02:00:00 AM,74235,0.563,3.43,,,,
5982,04/06/10 02:30:00 AM,74194,0.563,3.43,,,,
5983,04/06/10 03:00:00 AM,74139,0.563,3.43,,,,
5984,04/06/10 03:30:00 AM,74152,0.563,3.43,,,,
5985,04/06/10 04:00:00 AM,74152,0.563,3.43,,,,
5986,04/06/10 04:30:00 AM,74139,0.563,3.43,,,,
5987,04/06/10 05:00:00 AM,74125,0.563,3.43,,,,
5988,04/06/10 05:30:00 AM,74139,0.563,3.43,,,,
5989,04/06/10 06:00:00 AM,74111,0.563,3.43,,,,
5990,04/06/10 06:30:00 AM,74125,0.563,3.43,,,,
5991,04/06/10 07:00:00 AM,74139,0.563,3.43,,,,
5992,04/06/10 07:30:00 AM,74139,0.563,3.43,,,,
5993,04/06/10 08:00:00 AM,74098,0.563,3.43,,,,
5994,04/06/10 08:30:00 AM,74098,0.563,3.43,,,,
5995,04/06/10 09:00:00 AM,74139,0.563,3.43,,,,
5996,04/06/10 09:30:00 AM,74139,0.563,3.43,,,,
5997,04/06/10 10:00:00 AM,74111,0.563,3.43,,,,
5998,04/06/10 10:30:00 AM,74098,0.563,3.43,,,,
5999,04/06/10 11:00:00 AM,74084,0.563,3.43,,,,
6000,04/06/10 11:30:00 AM,74057,0.563,3.43,,,,
6001,04/06/10 12:00:00 PM,74084,0.563,3.43,,,,
6002,04/06/10 12:30:00 PM,74043,0.563,3.43,,,,
6003,04/06/10 01:00:00 PM,74057,0.563,3.43,,,,
6004,04/06/10 01:30:00 PM,74070,0.563,3.43,,,,
6005,04/06/10 02:00:00 PM,74084,0.563,3.43,,,,
6006,04/06/10 02:30:00 PM,74111,0.563,3.43,,,,
6007,04/06/10 03:00:00 PM,74111,0.563,3.43,,,,
6008,04/06/10 03:30:00 PM,74125,0.563,3.43,,,,
6009,04/06/10 04:00:00 PM,74111,0.563,3.43,,,,
6010,04/06/10 04:30:00 PM,74152,0.563,3.43,,,,
6011,04/06/10 05:00:00 PM,74194,0.563,3.43,,,,
6012,04/06/10 05:30:00 PM,74262,0.563,3.43,,,,
6013,04/06/10 06:00:00 PM,74262,0.563,3.43,,,,
6014,04/06/10 06:30:00 PM,74262,0.563,3.43,,,,
6015,04/06/10 07:00:00 PM,74317,0.563,3.43,,,,
6016,04/06/10 07:30:00 PM,74303,0.563,3.43,,,,
6017,04/06/10 08:00:00 PM,74371,0.563,3.43,,,,
6018,04/06/10 08:30:00 PM,74385,0.563,3.43,,,,
6019,04/06/10 09:00:00 PM,74344,0.563,3.43,,,,
6020,04/06/10 09:30:00 PM,74344,0.563,3.43,,,,
6021,04/06/10 10:00:00 PM,74344,0.563,3.43,,,,
6022,04/06/10 10:30:00 PM,74330,0.563,3.43,,,,
6023,04/06/10 11:00:00 PM,74289,0.563,3.43,,,,
6024,04/06/10 11:30:00 PM,74248,0.563,3.43,,,,
6025,04/07/10 12:00:00 AM,74248,0.563,3.43,,,,
6026,04/07/10 12:30:00 AM,74221,0.563,3.43,,,,
6027,04/07/10 01:00:00 AM,74221,0.563,3.43,,,,
6028,04/07/10 01:30:00 AM,74248,0.563,3.43,,,,
6029,04/07/10 02:00:00 AM,74262,0.563,3.43,,,,
6030,04/07/10 02:30:00 AM,74303,0.563,3.43,,,,
6031,04/07/10 03:00:00 AM,74303,0.563,3.43,,,,
6032,04/07/10 03:30:00 AM,74317,0.563,3.43,,,,
6033,04/07/10 04:00:00 AM,74330,0.563,3.43,,,,
6034,04/07/10 04:30:00 AM,74317,0.563,3.43,,,,
6035,04/07/10 05:00:00 AM,74344,0.563,3.43,,,,
6036,04/07/10 05:30:00 AM,74358,0.563,3.43,,,,
6037,04/07/10 06:00:00 AM,74371,0.563,3.43,,,,
6038,04/07/10 06:30:00 AM,74413,0.563,3.43,,,,
6039,04/07/10 07:00:00 AM,74481,0.563,3.43,,,,
6040,04/07/10 07:30:00 AM,74522,0.563,3.43,,,,
6041,04/07/10 08:00:00 AM,74536,0.563,3.43,,,,
6042,04/07/10 08:30:00 AM,74563,0.563,3.43,,,,
6043,04/07/10 09:00:00 AM,74577,0.563,3.43,,,,
6044,04/07/10 09:30:00 AM,74604,0.563,3.43,,,,
6045,04/07/10 10:00:00 AM,74645,0.563,3.43,,,,
6046,04/07/10 10:30:00 AM,74632,0.563,3.43,,,,
6047,04/07/10 11:00:00 AM,74645,0.563,3.43,,,,
6048,04/07/10 11:30:00 AM,74645,0.563,3.43,,,,
6049,04/07/10 12:00:00 PM,74645,0.563,3.43,,,,
6050,04/07/10 12:30:00 PM,74659,0.563,3.43,,,,
6051,04/07/10 01:00:00 PM,74659,0.563,3.43,,,,
6052,04/07/10 01:30:00 PM,74673,0.563,3.43,,,,
6053,04/07/10 02:00:00 PM,74700,0.563,3.43,,,,
6054,04/07/10 02:30:00 PM,74727,0.563,3.43,,,,
6055,04/07/10 03:00:00 PM,74755,0.563,3.43,,,,
6056,04/07/10 03:30:00 PM,74755,0.563,3.43,,,,
6057,04/07/10 04:00:00 PM,74796,0.563,3.43,,,,
6058,04/07/10 04:30:00 PM,74823,0.563,3.43,,,,
6059,04/07/10 05:00:00 PM,74837,0.563,3.43,,,,
6060,04/07/10 05:30:00 PM,74851,0.563,3.43,,,,
6061,04/07/10 06:00:00 PM,74864,0.563,3.43,,,,
6062,04/07/10 06:30:00 PM,74878,0.563,3.43,,,,
6063,04/07/10 07:00:00 PM,74892,0.563,3.43,,,,
6064,04/07/10 07:30:00 PM,74892,0.563,3.43,,,,
6065,04/07/10 08:00:00 PM,74919,0.563,3.43,,,,
6066,04/07/10 08:30:00 PM,74947,0.563,3.43,,,,
6067,04/07/10 09:00:00 PM,74960,0.563,3.43,,,,
6068,04/07/10 09:30:00 PM,74960,0.563,3.43,,,,
6069,04/07/10 10:00:00 PM,74947,0.563,3.43,,,,
6070,04/07/10 10:30:00 PM,74919,0.563,3.43,,,,
6071,04/07/10 11:00:00 PM,74905,0.563,3.43,,,,
6072,04/07/10 11:30:00 PM,74919,0.563,3.43,,,,
6073,04/08/10 12:00:00 AM,74919,0.563,3.43,,,,
6074,04/08/10 12:30:00 AM,74878,0.563,3.43,,,,
6075,04/08/10 01:00:00 AM,74878,0.563,3.43,,,,
6076,04/08/10 01:30:00 AM,74851,0.563,3.43,,,,
6077,04/08/10 02:00:00 AM,74823,0.563,3.43,,,,
6078,04/08/10 02:30:00 AM,74810,0.563,3.43,,,,
6079,04/08/10 03:00:00 AM,74796,0.563,3.43,,,,
6080,04/08/10 03:30:00 AM,74782,0.563,3.43,,,,
6081,04/08/10 04:00:00 AM,74782,0.563,3.43,,,,
6082,04/08/10 04:30:00 AM,74769,0.563,3.43,,,,
6083,04/08/10 05:00:00 AM,74741,0.563,3.43,,,,
6084,04/08/10 05:30:00 AM,74741,0.563,3.43,,,,
6085,04/08/10 06:00:00 AM,74755,0.563,3.43,,,,
6086,04/08/10 06:30:00 AM,74755,0.563,3.43,,,,
6087,04/08/10 07:00:00 AM,74755,0.563,3.43,,,,
6088,04/08/10 07:30:00 AM,74769,0.563,3.43,,,,
6089,04/08/10 08:00:00 AM,74741,0.563,3.43,,,,
6090,04/08/10 08:30:00 AM,74727,0.563,3.43,,,,
6091,04/08/10 09:00:00 AM,74727,0.563,3.43,,,,
6092,04/08/10 09:30:00 AM,74741,0.563,3.43,,,,
6093,04/08/10 10:00:00 AM,74727,0.563,3.43,,,,
6094,04/08/10 10:30:00 AM,74727,0.563,3.43,,,,
6095,04/08/10 11:00:00 AM,74700,0.563,3.43,,,,
6096,04/08/10 11:30:00 AM,74645,0.563,3.43,,,,
6097,04/08/10 12:00:00 PM,74618,0.563,3.43,,,,
6098,04/08/10 12:30:00 PM,74604,0.563,3.43,,,,
6099,04/08/10 01:00:00 PM,74618,0.563,3.43,,,,
6100,04/08/10 01:30:00 PM,74645,0.563,3.43,,,,
6101,04/08/10 02:00:00 PM,74686,0.563,3.43,,,,
6102,04/08/10 02:30:00 PM,74727,0.563,3.43,,,,
6103,04/08/10 03:00:00 PM,74754,0.674,3.43,,,,
6104,04/08/10 03:30:00 PM,74795,0.674,3.43,,,,
6105,04/08/10 04:00:00 PM,74823,0.674,3.43,,,,
6106,04/08/10 04:30:00 PM,74850,0.674,3.43,,,,
6107,04/08/10 05:00:00 PM,74864,0.674,3.43,,,,
6108,04/08/10 05:30:00 PM,74878,0.674,3.43,,,,
6109,04/08/10 06:00:00 PM,74850,0.674,3.43,,,,
6110,04/08/10 06:30:00 PM,74837,0.674,3.43,,,,
6111,04/08/10 07:00:00 PM,74837,0.563,3.43,,,,
6112,04/08/10 07:30:00 PM,74810,0.563,3.43,,,,
6113,04/08/10 08:00:00 PM,74851,0.563,3.43,,,,
6114,04/08/10 08:30:00 PM,74851,0.563,3.43,,,,
6115,04/08/10 09:00:00 PM,74837,0.563,3.43,,,,
6116,04/08/10 09:30:00 PM,74864,0.563,3.43,,,,
6117,04/08/10 10:00:00 PM,74851,0.563,3.43,,,,
6118,04/08/10 10:30:00 PM,74823,0.563,3.43,,,,
6119,04/08/10 11:00:00 PM,74810,0.563,3.43,,,,
6120,04/08/10 11:30:00 PM,74810,0.563,3.43,,,,
6121,04/09/10 12:00:00 AM,74796,0.563,3.43,,,,
6122,04/09/10 12:30:00 AM,74782,0.563,3.43,,,,
6123,04/09/10 01:00:00 AM,74755,0.563,3.43,,,,
6124,04/09/10 01:30:00 AM,74700,0.563,3.43,,,,
6125,04/09/10 02:00:00 AM,74686,0.563,3.43,,,,
6126,04/09/10 02:30:00 AM,74659,0.563,3.43,,,,
6127,04/09/10 03:00:00 AM,74659,0.563,3.43,,,,
6128,04/09/10 03:30:00 AM,74645,0.563,3.43,,,,
6129,04/09/10 04:00:00 AM,74645,0.563,3.43,,,,
6130,04/09/10 04:30:00 AM,74618,0.563,3.43,,,,
6131,04/09/10 05:00:00 AM,74645,0.563,3.43,,,,
6132,04/09/10 05:30:00 AM,74645,0.563,3.43,,,,
6133,04/09/10 06:00:00 AM,74645,0.563,3.43,,,,
6134,04/09/10 06:30:00 AM,74673,0.563,3.43,,,,
6135,04/09/10 07:00:00 AM,74686,0.563,3.43,,,,
6136,04/09/10 07:30:00 AM,74686,0.563,3.43,,,,
6137,04/09/10 08:00:00 AM,74673,0.563,3.43,,,,
6138,04/09/10 08:30:00 AM,74686,0.563,3.43,,,,
6139,04/09/10 09:00:00 AM,74700,0.563,3.43,,,,
6140,04/09/10 09:30:00 AM,74686,0.563,3.43,,,,
6141,04/09/10 10:00:00 AM,74686,0.563,3.43,,,,
6142,04/09/10 10:30:00 AM,74700,0.453,3.43,,,,
6143,04/09/10 11:00:00 AM,74714,0.453,3.43,,,,
6144,04/09/10 11:30:00 AM,74673,0.453,3.43,,,,
6145,04/09/10 12:00:00 PM,74673,0.453,3.43,,,,
6146,04/09/10 12:30:00 PM,74687,0.453,3.43,,,,
6147,04/09/10 01:00:00 PM,74686,0.563,3.43,,,,
6148,04/09/10 01:30:00 PM,74741,0.563,3.43,,,,
6149,04/09/10 02:00:00 PM,74782,0.563,3.43,,,,
6150,04/09/10 02:30:00 PM,74823,0.674,3.43,,,,
6151,04/09/10 03:00:00 PM,74878,0.674,3.43,,,,
6152,04/09/10 03:30:00 PM,74960,0.674,3.43,,,,
6153,04/09/10 04:00:00 PM,74973,0.674,3.43,,,,
6154,04/09/10 04:30:00 PM,75001,0.674,3.43,,,,
6155,04/09/10 05:00:00 PM,75001,0.674,3.43,,,,
6156,04/09/10 05:30:00 PM,75001,0.563,3.43,,,,
6157,04/09/10 06:00:00 PM,75001,0.563,3.43,,,,
6158,04/09/10 06:30:00 PM,74988,0.563,3.43,,,,
6159,04/09/10 07:00:00 PM,75015,0.563,3.43,,,,
6160,04/09/10 07:30:00 PM,75015,0.563,3.43,,,,
6161,04/09/10 08:00:00 PM,75042,0.563,3.43,,,,
6162,04/09/10 08:30:00 PM,75056,0.563,3.43,,,,
6163,04/09/10 09:00:00 PM,75056,0.563,3.43,,,,
6164,04/09/10 09:30:00 PM,75029,0.563,3.43,,,,
6165,04/09/10 10:00:00 PM,75015,0.563,3.43,,,,
6166,04/09/10 10:30:00 PM,74988,0.563,3.43,,,,
6167,04/09/10 11:00:00 PM,74974,0.563,3.43,,,,
6168,04/09/10 11:30:00 PM,74974,0.563,3.43,,,,
6169,04/10/10 12:00:00 AM,74960,0.563,3.43,,,,
6170,04/10/10 12:30:00 AM,74960,0.563,3.43,,,,
6171,04/10/10 01:00:00 AM,74947,0.563,3.43,,,,
6172,04/10/10 01:30:00 AM,74919,0.563,3.43,,,,
6173,04/10/10 02:00:00 AM,74919,0.563,3.43,,,,
6174,04/10/10 02:30:00 AM,74933,0.563,3.43,,,,
6175,04/10/10 03:00:00 AM,74947,0.563,3.43,,,,
6176,04/10/10 03:30:00 AM,74933,0.563,3.43,,,,
6177,04/10/10 04:00:00 AM,74947,0.563,3.43,,,,
6178,04/10/10 04:30:00 AM,74960,0.563,3.43,,,,
6179,04/10/10 05:00:00 AM,74974,0.563,3.43,,,,
6180,04/10/10 05:30:00 AM,74988,0.563,3.43,,,,
6181,04/10/10 06:00:00 AM,75001,0.563,3.43,,,,
6182,04/10/10 06:30:00 AM,75029,0.563,3.43,,,,
6183,04/10/10 07:00:00 AM,75042,0.563,3.43,,,,
6184,04/10/10 07:30:00 AM,75042,0.563,3.43,,,,
6185,04/10/10 08:00:00 AM,75042,0.563,3.43,,,,
6186,04/10/10 08:30:00 AM,75056,0.563,3.43,,,,
6187,04/10/10 09:00:00 AM,75029,0.563,3.43,,,,
6188,04/10/10 09:30:00 AM,75070,0.453,3.43,,,,
6189,04/10/10 10:00:00 AM,75084,0.453,3.43,,,,
6190,04/10/10 10:30:00 AM,75070,0.453,3.43,,,,
6191,04/10/10 11:00:00 AM,75084,0.453,3.43,,,,
6192,04/10/10 11:30:00 AM,75070,0.453,3.43,,,,
6193,04/10/10 12:00:00 PM,75084,0.453,3.43,,,,
6194,04/10/10 12:30:00 PM,75111,0.563,3.43,,,,
6195,04/10/10 01:00:00 PM,75166,0.563,3.43,,,,
6196,04/10/10 01:30:00 PM,75234,0.563,3.43,,,,
6197,04/10/10 02:00:00 PM,75329,0.674,3.43,,,,
6198,04/10/10 02:30:00 PM,75412,0.674,3.43,,,,
6199,04/10/10 03:00:00 PM,75480,0.674,3.43,,,,
6200,04/10/10 03:30:00 PM,75494,0.674,3.43,,,,
6201,04/10/10 04:00:00 PM,75535,0.674,3.43,,,,
6202,04/10/10 04:30:00 PM,75535,0.674,3.43,,,,
6203,04/10/10 05:00:00 PM,75604,0.563,3.43,,,,
6204,04/10/10 05:30:00 PM,75617,0.563,3.43,,,,
6205,04/10/10 06:00:00 PM,75631,0.563,3.43,,,,
6206,04/10/10 06:30:00 PM,75631,0.563,3.43,,,,
6207,04/10/10 07:00:00 PM,75631,0.563,3.43,,,,
6208,04/10/10 07:30:00 PM,75631,0.563,3.43,,,,
6209,04/10/10 08:00:00 PM,75659,0.563,3.43,,,,
6210,04/10/10 08:30:00 PM,75659,0.563,3.43,,,,
6211,04/10/10 09:00:00 PM,75659,0.563,3.43,,,,
6212,04/10/10 09:30:00 PM,75645,0.563,3.43,,,,
6213,04/10/10 10:00:00 PM,75617,0.563,3.43,,,,
6214,04/10/10 10:30:00 PM,75590,0.563,3.43,,,,
6215,04/10/10 11:00:00 PM,75576,0.563,3.43,,,,
6216,04/10/10 11:30:00 PM,75590,0.563,3.43,,,,
6217,04/11/10 12:00:00 AM,75576,0.563,3.43,,,,
6218,04/11/10 12:30:00 AM,75590,0.563,3.43,,,,
6219,04/11/10 01:00:00 AM,75563,0.563,3.43,,,,
6220,04/11/10 01:30:00 AM,75549,0.563,3.43,,,,
6221,04/11/10 02:00:00 AM,75549,0.563,3.43,,,,
6222,04/11/10 02:30:00 AM,75535,0.563,3.43,,,,
6223,04/11/10 03:00:00 AM,75549,0.563,3.43,,,,
6224,04/11/10 03:30:00 AM,75535,0.563,3.43,,,,
6225,04/11/10 04:00:00 AM,75535,0.563,3.43,,,,
6226,04/11/10 04:30:00 AM,75535,0.563,3.43,,,,
6227,04/11/10 05:00:00 AM,75549,0.563,3.43,,,,
6228,04/11/10 05:30:00 AM,75563,0.563,3.43,,,,
6229,04/11/10 06:00:00 AM,75576,0.563,3.43,,,,
6230,04/11/10 06:30:00 AM,75590,0.563,3.43,,,,
6231,04/11/10 07:00:00 AM,75590,0.563,3.43,,,,
6232,04/11/10 07:30:00 AM,75576,0.563,3.43,,,,
6233,04/11/10 08:00:00 AM,75604,0.563,3.43,,,,
6234,04/11/10 08:30:00 AM,75590,0.563,3.43,,,,
6235,04/11/10 09:00:00 AM,75617,0.563,3.43,,,,
6236,04/11/10 09:30:00 AM,75590,0.563,3.43,,,,
6237,04/11/10 10:00:00 AM,75617,0.563,3.43,,,,
6238,04/11/10 10:30:00 AM,75604,0.563,3.43,,,,
6239,04/11/10 11:00:00 AM,75576,0.674,3.43,,,,
6240,04/11/10 11:30:00 AM,75576,0.674,3.43,,,,
6241,04/11/10 12:00:00 PM,75576,0.674,3.43,,,,
6242,04/11/10 12:30:00 PM,75589,0.784,3.43,,,,
6243,04/11/10 01:00:00 PM,75630,0.784,3.43,,,,
6244,04/11/10 01:30:00 PM,75685,0.893,3.43,,,,
6245,04/11/10 02:00:00 PM,75740,0.893,3.43,,,,
6246,04/11/10 02:30:00 PM,75849,0.893,3.43,,,,
6247,04/11/10 03:00:00 PM,75931,0.893,3.43,,,,
6248,04/11/10 03:30:00 PM,76000,0.893,3.43,,,,
6249,04/11/10 04:00:00 PM,76028,0.784,3.43,,,,
6250,04/11/10 04:30:00 PM,76041,0.784,3.43,,,,
6251,04/11/10 05:00:00 PM,76041,0.784,3.43,,,,
6252,04/11/10 05:30:00 PM,76028,0.784,3.43,,,,
6253,04/11/10 06:00:00 PM,76014,0.784,3.43,,,,
6254,04/11/10 06:30:00 PM,76014,0.784,3.43,,,,
6255,04/11/10 07:00:00 PM,76000,0.784,3.43,,,,
6256,04/11/10 07:30:00 PM,75986,0.784,3.43,,,,
6257,04/11/10 08:00:00 PM,76000,0.784,3.43,,,,
6258,04/11/10 08:30:00 PM,75986,0.784,3.43,,,,
6259,04/11/10 09:00:00 PM,75987,0.674,3.43,,,,
6260,04/11/10 09:30:00 PM,75946,0.674,3.43,,,,
6261,04/11/10 10:00:00 PM,75918,0.674,3.43,,,,
6262,04/11/10 10:30:00 PM,75864,0.674,3.43,,,,
6263,04/11/10 11:00:00 PM,75836,0.674,3.43,,,,
6264,04/11/10 11:30:00 PM,75822,0.674,3.43,,,,
6265,04/12/10 12:00:00 AM,75795,0.674,3.43,,,,
6266,04/12/10 12:30:00 AM,75754,0.674,3.43,,,,
6267,04/12/10 01:00:00 AM,75740,0.674,3.43,,,,
6268,04/12/10 01:30:00 AM,75699,0.674,3.43,,,,
6269,04/12/10 02:00:00 AM,75644,0.674,3.43,,,,
6270,04/12/10 02:30:00 AM,75631,0.674,3.43,,,,
6271,04/12/10 03:00:00 AM,75590,0.563,3.43,,,,
6272,04/12/10 03:30:00 AM,75563,0.563,3.43,,,,
6273,04/12/10 04:00:00 AM,75576,0.563,3.43,,,,
6274,04/12/10 04:30:00 AM,75563,0.563,3.43,,,,
6275,04/12/10 05:00:00 AM,75535,0.563,3.43,,,,
6276,04/12/10 05:30:00 AM,75508,0.563,3.43,,,,
6277,04/12/10 06:00:00 AM,75508,0.563,3.43,,,,
6278,04/12/10 06:30:00 AM,75481,0.563,3.43,,,,
6279,04/12/10 07:00:00 AM,75481,0.563,3.43,,,,
6280,04/12/10 07:30:00 AM,75481,0.563,3.43,,,,
6281,04/12/10 08:00:00 AM,75439,0.563,3.43,,,,
6282,04/12/10 08:30:00 AM,75412,0.563,3.43,,,,
6283,04/12/10 09:00:00 AM,75398,0.563,3.43,,,,
6284,04/12/10 09:30:00 AM,75398,0.674,3.43,,,,
6285,04/12/10 10:00:00 AM,75412,0.674,3.43,,,,
6286,04/12/10 10:30:00 AM,75356,0.893,3.43,,,,
6287,04/12/10 11:00:00 AM,75356,1.003,3.43,,,,
6288,04/12/10 11:30:00 AM,75328,1.112,3.46,,,,
6289,04/12/10 12:00:00 PM,75382,1.221,3.46,,,,
6290,04/12/10 12:30:00 PM,75410,1.221,3.46,,,,
6291,04/12/10 01:00:00 PM,75478,1.221,3.46,,,,
6292,04/12/10 01:30:00 PM,75491,1.330,3.46,,,,
6293,04/12/10 02:00:00 PM,75546,1.330,3.46,,,,
6294,04/12/10 02:30:00 PM,75601,1.330,3.46,,,,
6295,04/12/10 03:00:00 PM,75628,1.330,3.46,,,,
6296,04/12/10 03:30:00 PM,75820,1.330,3.46,,,,
6297,04/12/10 04:00:00 PM,75916,1.221,3.46,,,,
6298,04/12/10 04:30:00 PM,75903,1.221,3.46,,,,
6299,04/12/10 05:00:00 PM,75807,1.112,3.46,,,,
6300,04/12/10 05:30:00 PM,75821,1.112,3.46,,,,
6301,04/12/10 06:00:00 PM,75670,1.112,3.46,,,,
6302,04/12/10 06:30:00 PM,75671,1.003,3.46,,,,
6303,04/12/10 07:00:00 PM,75657,1.003,3.46,,,,
6304,04/12/10 07:30:00 PM,75698,1.003,3.46,,,,
6305,04/12/10 08:00:00 PM,75684,1.003,3.46,,,,
6306,04/12/10 08:30:00 PM,75671,1.003,3.46,,,,
6307,04/12/10 09:00:00 PM,75671,0.893,3.46,,,,
6308,04/12/10 09:30:00 PM,75657,0.893,3.46,,,,
6309,04/12/10 10:00:00 PM,75671,0.893,3.43,,,,
6310,04/12/10 10:30:00 PM,75644,0.893,3.43,,,,
6311,04/12/10 11:00:00 PM,75644,0.893,3.43,,,,
6312,04/12/10 11:30:00 PM,75616,0.893,3.43,,,,
6313,04/13/10 12:00:00 AM,75630,0.893,3.43,,,,
6314,04/13/10 12:30:00 AM,75630,0.893,3.43,,,,
6315,04/13/10 01:00:00 AM,75589,0.893,3.43,,,,
6316,04/13/10 01:30:00 AM,75575,0.893,3.43,,,,
6317,04/13/10 02:00:00 AM,75561,0.893,3.43,,,,
6318,04/13/10 02:30:00 AM,75534,0.784,3.43,,,,
6319,04/13/10 03:00:00 AM,75548,0.784,3.43,,,,
6320,04/13/10 03:30:00 AM,75534,0.784,3.43,,,,
6321,04/13/10 04:00:00 AM,75521,0.784,3.43,,,,
6322,04/13/10 04:30:00 AM,75493,0.784,3.43,,,,
6323,04/13/10 05:00:00 AM,75466,0.784,3.43,,,,
6324,04/13/10 05:30:00 AM,75480,0.784,3.43,,,,
6325,04/13/10 06:00:00 AM,75493,0.784,3.43,,,,
6326,04/13/10 06:30:00 AM,75452,0.784,3.43,,,,
6327,04/13/10 07:00:00 AM,75452,0.784,3.43,,,,
6328,04/13/10 07:30:00 AM,75452,0.893,3.43,,,,
6329,04/13/10 08:00:00 AM,75424,1.003,3.43,,,,
6330,04/13/10 08:30:00 AM,75383,1.112,3.46,,,,
6331,04/13/10 09:00:00 AM,75465,1.112,3.46,,,,
6332,04/13/10 09:30:00 AM,75437,1.221,3.46,,,,
6333,04/13/10 10:00:00 AM,75423,1.330,3.46,,,,
6334,04/13/10 10:30:00 AM,75477,1.548,3.46,,,,
6335,04/13/10 11:00:00 AM,75518,1.548,3.46,,,,
6336,04/13/10 11:30:00 AM,75545,1.656,3.46,,,,
6337,04/13/10 12:00:00 PM,75613,1.764,3.46,,,,
6338,04/13/10 12:30:00 PM,75750,1.872,3.46,,,,
6339,04/13/10 01:00:00 PM,75886,1.980,3.46,,,,
6340,04/13/10 01:30:00 PM,76340,1.656,3.46,,,,
6341,04/13/10 02:00:00 PM,76177,1.112,3.46,,,,
6342,04/13/10 02:30:00 PM,76190,1.221,3.46,,,,
6343,04/13/10 03:00:00 PM,76081,1.221,3.46,,,,
6344,04/13/10 03:30:00 PM,76108,1.221,3.46,,,,
6345,04/13/10 04:00:00 PM,76094,1.221,3.46,,,,
6346,04/13/10 04:30:00 PM,76094,1.221,3.46,,,,
6347,04/13/10 05:00:00 PM,76109,1.112,3.46,,,,
6348,04/13/10 05:30:00 PM,76122,1.112,3.46,,,,
6349,04/13/10 06:00:00 PM,76150,1.003,3.46,,,,
6350,04/13/10 06:30:00 PM,76150,1.003,3.46,,,,
6351,04/13/10 07:00:00 PM,76164,0.893,3.46,,,,
6352,04/13/10 07:30:00 PM,76123,0.893,3.43,,,,
6353,04/13/10 08:00:00 PM,76150,0.893,3.43,,,,
6354,04/13/10 08:30:00 PM,76137,0.784,3.43,,,,
6355,04/13/10 09:00:00 PM,76137,0.784,3.43,,,,
6356,04/13/10 09:30:00 PM,76096,0.784,3.43,,,,
6357,04/13/10 10:00:00 PM,76096,0.674,3.43,,,,
6358,04/13/10 10:30:00 PM,76083,0.674,3.43,,,,
6359,04/13/10 11:00:00 PM,76069,0.674,3.43,,,,
6360,04/13/10 11:30:00 PM,76042,0.674,3.43,,,,
6361,04/14/10 12:00:00 AM,76042,0.563,3.43,,,,
6362,04/14/10 12:30:00 AM,76015,0.563,3.43,,,,
6363,04/14/10 01:00:00 AM,75946,0.563,3.43,,,,
6364,04/14/10 01:30:00 AM,75932,0.563,3.43,,,,
6365,04/14/10 02:00:00 AM,75919,0.563,3.43,,,,
6366,04/14/10 02:30:00 AM,75891,0.563,3.43,,,,
6367,04/14/10 03:00:00 AM,75837,0.563,3.43,,,,
6368,04/14/10 03:30:00 AM,75823,0.563,3.43,,,,
6369,04/14/10 04:00:00 AM,75851,0.453,3.43,,,,
6370,04/14/10 04:30:00 AM,75864,0.453,3.43,,,,
6371,04/14/10 05:00:00 AM,75864,0.453,3.43,,,,
6372,04/14/10 05:30:00 AM,75851,0.453,3.43,,,,
6373,04/14/10 06:00:00 AM,75878,0.453,3.43,,,,
6374,04/14/10 06:30:00 AM,75905,0.453,3.43,,,,
6375,04/14/10 07:00:00 AM,75905,0.453,3.43,,,,
6376,04/14/10 07:30:00 AM,75919,0.453,3.43,,,,
6377,04/14/10 08:00:00 AM,75892,0.453,3.43,,,,
6378,04/14/10 08:30:00 AM,75919,0.453,3.43,,,,
6379,04/14/10 09:00:00 AM,75919,0.453,3.43,,,,
6380,04/14/10 09:30:00 AM,75905,0.453,3.43,,,,
6381,04/14/10 10:00:00 AM,75919,0.563,3.43,,,,
6382,04/14/10 10:30:00 AM,75903,1.003,3.43,,,,
6383,04/14/10 11:00:00 AM,75943,1.330,3.46,,,,
6384,04/14/10 11:30:00 AM,75970,1.656,3.46,,,,
6385,04/14/10 12:00:00 PM,76051,1.980,3.46,,,,
6386,04/14/10 12:30:00 PM,76118,2.195,3.46,,,,
6387,04/14/10 01:00:00 PM,76227,2.517,3.46,,,,
6388,04/14/10 01:30:00 PM,76336,2.624,3.46,,,,
6389,04/14/10 02:00:00 PM,76445,2.730,3.46,,,,
6390,04/14/10 02:30:00 PM,76486,2.837,3.46,,,,
6391,04/14/10 03:00:00 PM,76541,2.943,3.46,,,,
6392,04/14/10 03:30:00 PM,76568,3.049,3.46,,,,
6393,04/14/10 04:00:00 PM,76568,2.943,3.46,,,,
6394,04/14/10 04:30:00 PM,76582,2.837,3.46,,,,
6395,04/14/10 05:00:00 PM,76582,2.730,3.46,,,,
6396,04/14/10 05:30:00 PM,76555,2.624,3.46,,,,
6397,04/14/10 06:00:00 PM,76528,2.517,3.46,,,,
6398,04/14/10 06:30:00 PM,76502,2.303,3.46,,,,
6399,04/14/10 07:00:00 PM,76461,2.195,3.46,,,,
6400,04/14/10 07:30:00 PM,76448,2.088,3.46,,,,
6401,04/14/10 08:00:00 PM,76435,1.872,3.46,,,,
6402,04/14/10 08:30:00 PM,76394,1.764,3.46,,,,
6403,04/14/10 09:00:00 PM,76381,1.656,3.46,,,,
6404,04/14/10 09:30:00 PM,76395,1.548,3.46,,,,
6405,04/14/10 10:00:00 PM,76367,1.548,3.46,,,,
6406,04/14/10 10:30:00 PM,76368,1.439,3.46,,,,
6407,04/14/10 11:00:00 PM,76368,1.330,3.46,,,,
6408,04/14/10 11:30:00 PM,76368,1.330,3.46,,,,
6409,04/15/10 12:00:00 AM,76341,1.221,3.46,,,,
6410,04/15/10 12:30:00 AM,76286,1.221,3.46,,,,
6411,04/15/10 01:00:00 AM,76259,1.221,3.46,,,,
6412,04/15/10 01:30:00 AM,76259,1.112,3.46,,,,
6413,04/15/10 02:00:00 AM,76246,1.112,3.46,,,,
6414,04/15/10 02:30:00 AM,76246,1.003,3.46,,,,
6415,04/15/10 03:00:00 AM,76219,1.003,3.46,,,,
6416,04/15/10 03:30:00 AM,76191,1.003,3.46,,,,
6417,04/15/10 04:00:00 AM,76178,0.893,3.43,,,,
6418,04/15/10 04:30:00 AM,76164,0.893,3.43,,,,
6419,04/15/10 05:00:00 AM,76178,0.893,3.43,,,,
6420,04/15/10 05:30:00 AM,76178,0.893,3.43,,,,
6421,04/15/10 06:00:00 AM,76206,0.784,3.43,,,,
6422,04/15/10 06:30:00 AM,76206,0.784,3.43,,,,
6423,04/15/10 07:00:00 AM,76219,0.784,3.43,,,,
6424,04/15/10 07:30:00 AM,76233,0.784,3.43,,,,
6425,04/15/10 08:00:00 AM,76219,0.784,3.43,,,,
6426,04/15/10 08:30:00 AM,76206,0.784,3.43,,,,
6427,04/15/10 09:00:00 AM,76206,0.784,3.43,,,,
6428,04/15/10 09:30:00 AM,76232,1.003,3.43,,,,
6429,04/15/10 10:00:00 AM,76258,1.330,3.46,,,,
6430,04/15/10 10:30:00 AM,76298,1.656,3.46,,,,
6431,04/15/10 11:00:00 AM,76298,1.872,3.46,,,,
6432,04/15/10 11:30:00 AM,76325,1.980,3.46,,,,
6433,04/15/10 12:00:00 PM,76365,2.303,3.46,,,,
6434,04/15/10 12:30:00 PM,76405,2.517,3.46,,,,
6435,04/15/10 01:00:00 PM,76432,2.517,3.46,,,,
6436,04/15/10 01:30:00 PM,76446,2.624,3.46,,,,
6437,04/15/10 01:32:44 PM,,,,,Logged,,
6438,04/15/10 01:32:47 PM,,,,,,Logged,Logged
